-50.0 -5.4226944910218163e-14 -5.06116268860801e-14
-49.8046875 -9.471028121280662e-14 -1.0426080396398712e-13
-49.609375 -1.5978649933280497e-13 -2.1314918217153907e-13
-49.4140625 -2.524069052517869e-13 -4.34713728551652e-13
-49.21875 -3.50032968183234e-13 -8.83635655696135e-13
-49.0234375 -3.613998653984997e-13 -1.7709207562760254e-12
-48.828125 -4.739750273180481e-14 -3.432594191398895e-12
-48.6328125 1.1054129514245974e-12 -6.3001492921674106e-12
-48.4375 4.037613674087002e-12 -1.0741243645028393e-11
-48.2421875 1.0197165836255913e-11 -1.6676647152199414e-11
-48.046875 2.1372469206324652e-11 -2.2880189645861345e-11
-47.8515625 3.911333336974378e-11 -2.5984181392582546e-11
-47.65625 6.369222769758607e-11 -1.952328862151925e-11
-47.4609375 9.274833797042957e-11 6.2621061664812026e-12
-47.265625 1.2003673513899983e-10 6.298883894519298e-11
-47.0703125 1.3506406252265823e-10 1.6050599667807163e-10
-46.875 1.245358396114339e-10 3.01333873564649e-10
-46.6796875 7.601292156944844e-11 4.746131566656562e-10
-46.484375 -1.701853299567852e-11 6.522978937834546e-10
-46.2890625 -1.5060069586675836e-10 7.908706548137662e-10
-46.09375 -3.085058713033555e-10 8.405743826530148e-10
-45.8984375 -4.6462495965318495e-10 7.608708521478874e-10
-45.703125 -5.894461257779951e-10 5.370167951123929e-10
-45.5078125 -6.588462968703801e-10 1.9067000168258778e-10
-45.3125 -6.622773840103175e-10 -2.2085875117284012e-10
-45.1171875 -6.068401020434078e-10 -6.167388124565696e-10
-44.921875 -5.125377036780653e-10 -9.107116619935274e-10
-44.7265625 -3.930707561111249e-10 -1.0317513783881158e-09
-44.53125 -2.258416993018481e-10 -9.57866548034994e-10
-44.3359375 4.9810627014867965e-11 -7.809409572502302e-10
-44.140625 4.2184514227396873e-10 -7.685996360240471e-10
-43.9453125 5.473620073514726e-10 -1.2509872904247502e-09
-43.75 -3.9954544229312135e-10 -2.089905029547319e-09
-43.5546875 -3.114899807927379e-09 -1.8731265860233917e-09
-43.359375 -6.339867013300285e-09 2.0217512327728755e-09
-43.1640625 -5.0946969306542874e-09 1.0741415743773373e-08
-42.96875 7.33101102827758e-09 1.8878032058645122e-08
-42.7734375 3.0692108983893304e-08 1.2379263451393176e-08
-42.578125 4.7239154881580575e-08 -2.2004294022562123e-08
-42.3828125 2.4532899843318896e-08 -7.518028161840994e-08
-42.1875 -5.577022525920185e-08 -1.0120875433717255e-07
-41.9921875 -1.5754742490569462e-07 -3.994222323233348e-08
-41.796875 -1.8518104413236578e-07 1.1883258837998851e-07
-41.6015625 -5.1737299903861574e-08 2.8200625005161885e-07
-41.40625 2.1400974590474964e-07 2.8900911254672803e-07
-41.2109375 4.313366513956659e-07 4.9636052364694554e-08
-41.015625 3.8453882408440387e-07 -3.2670596710693455e-07
-40.8203125 2.6912085404785723e-08 -5.638138340976403e-07
-40.625 -4.2360528835035064e-07 -4.358603971411985e-07
-40.4296875 -6.298523210636086e-07 1.208214208113404e-08
-40.234375 -4.204351899519265e-07 4.6718334303109837e-07
-40.0390625 5.1878569915111264e-08 6.013543049234936e-07
-39.84375 4.387557071223796e-07 3.446898917439372e-07
-39.6484375 4.906801406206885e-07 -7.563205752487517e-08
-39.453125 2.3976198981258437e-07 -3.5119385234079477e-07
-39.2578125 -7.644485023446901e-08 -3.4214717890142174e-07
-39.0625 -2.3975053030937606e-07 -1.4116204771265995e-07
-38.8671875 -2.038559698091655e-07 6.010573510129855e-08
-38.671875 -7.010735221533139e-08 1.396690020095901e-07
-38.4765625 3.8310313414318894e-08 1.0376504252689753e-07
-38.28125 6.946331712280771e-08 2.922137265688738e-08
-38.0859375 4.5109751255734435e-08 -2.0185950962332465e-08
-37.890625 1.0138712408522225e-08 -2.950223629836825e-08
-37.6953125 -8.888135602916796e-09 -1.6740664765244858e-08
-37.5 -1.0701299557112438e-08 -2.8870578234036637e-09
-37.3046875 -5.29911265389009e-09 3.2913810981111763e-09
-37.109375 -6.564848062111558e-10 3.314161599554848e-09
-36.9140625 1.0286979391833445e-09 1.4288429731582252e-09
-36.71875 8.754853636368289e-10 1.1198468727077223e-10
-36.5234375 3.275751179172048e-10 -2.71603105748942e-10
-36.328125 1.1722237424770445e-11 -1.9688348337041825e-10
-36.1328125 -6.043698118216249e-11 -6.375538291762926e-11
-35.9375 -3.758249491961493e-11 1.5947001350045254e-13
-35.7421875 -1.0560680068071438e-11 1.1258556365799195e-11
-35.546875 3.2988228703873e-13 6.076772976538928e-12
-35.3515625 1.7355129986720597e-12 1.5153675879090617e-12
-35.15625 8.373921525242718e-13 -5.6386568639957066e-14
-34.9609375 1.99079100342517e-13 -2.1863919628712016e-13
-34.765625 -1.0708777689927779e-17 -1.0184892739352724e-13
-34.5703125 -2.2799586732802058e-14 -2.6458230736057972e-14
-34.375 -1.2024539046718315e-14 -1.998372288645971e-15
-34.1796875 -3.762723615776866e-15 2.2550441835320487e-15
-33.984375 -4.599525282275758e-16 1.5510433201795803e-15
-33.7890625 2.9139129669308005e-16 5.2439435466388415e-16
-33.59375 2.146324174443112e-16 4.6939773655088646e-17
-33.3984375 6.121042816849761e-17 -4.932309216131687e-17
-33.203125 -1.0137331594179316e-18 -2.7327567409686707e-17
-33.0078125 -7.741434796163967e-18 -5.034840599518331e-18
-32.8125 -2.7865041931084817e-18 1.18002022805276e-18
-32.6171875 -1.7117667454939736e-19 9.46588877422435e-19
-32.421875 2.1709159691005867e-19 2.0188916743566205e-19
-32.2265625 8.556159601493459e-20 -2.2485045342886432e-20
-32.03125 7.633463924283389e-21 -2.432768845043916e-20
-31.8359375 -4.632524404024394e-21 -5.344070358328005e-21
-31.640625 -1.8756555154069206e-21 3.7375926925819415e-22
-31.4453125 -1.4775245413082685e-22 5.515797946743205e-22
-31.25 1.4962696006129091e-22 1.9096475833607117e-22
-31.0546875 1.3280234754963946e-22 7.071120835928079e-23
-30.859375 1.222883660413196e-22 4.2008502659916624e-23
-30.6640625 1.2387174878066065e-22 1.8469901541953688e-23
-30.46875 1.1895933031396388e-22 -8.234452242895022e-24
-30.2734375 1.0431062010432445e-22 -3.170416882293764e-23
-30.078125 8.301639531253953e-23 -4.775795507079665e-23
-29.8828125 5.928984089510546e-23 -5.511284191808928e-23
-29.6875 3.691916925906797e-23 -5.45325561069924e-23
-29.4921875 1.8571107655916838e-23 -4.811006474915156e-23
-29.296875 5.488056701038456e-24 -3.8483220135592276e-23
-29.1015625 -2.396858845473638e-24 -2.8102771697456084e-23
-28.90625 -6.0433756186420705e-24 -1.8748685143446845e-23
-28.7109375 -6.792239403890196e-24 -1.1368315669293387e-23
-28.515625 -5.9365858742099465e-24 -6.180200673859602e-24
-28.3203125 -4.4685825609602246e-24 -2.919784201659188e-24
-28.125 -3.004223878728098e-24 -1.1035306585713111e-24
-27.9296875 -1.8326378354984066e-24 -2.3081796525582567e-25
-27.734375 -1.020859954220281e-24 1.039216026714006e-25
-27.5390625 -5.194312544501295e-25 1.7686600206173814e-25
-27.34375 -2.400566357221386e-25 1.4881109578401095e-25
-27.1484375 -9.93199885235273e-26 9.858037213524298e-26
-26.953125 -3.5586124484725586e-26 5.645945523491785e-26
-26.7578125 -1.0091763964894392e-26 2.8927668602146435e-26
-26.5625 -1.4717112647753806e-27 1.3457977784355098e-26
-26.3671875 6.768542009907768e-28 5.7184938710288206e-27
-26.171875 7.963504627970043e-28 2.2190728134830758e-27
-25.9765625 5.024056313850858e-28 7.8160316206799545e-28
-25.78125 2.5236304297202586e-28 2.460683901411275e-28
-25.5859375 1.099909797680029e-28 6.683706978598621e-29
-25.390625 4.2951676968154093e-29 1.4200136357285203e-29
-25.1953125 1.5239870791827152e-29 1.4146089540067022e-30
-25.0 4.9396392495716916e-30 -6.668060668138356e-31
-24.8046875 1.4618397112616589e-30 -5.517718379408491e-31
-24.609375 3.9238332187451704e-31 -2.613916629442257e-31
-24.4140625 9.398365311943821e-32 -9.959789207167992e-32
-24.21875 1.934365951620821e-32 -3.303955644678577e-32
-24.0234375 3.0736326795759497e-33 -9.834081663082474e-33
-23.828125 2.0315760546700502e-34 -2.66122424253246e-33
-23.6328125 -9.98095175939123e-35 -6.5797046014011e-34
-23.4375 -5.884332122184634e-35 -1.484947480222564e-34
-23.2421875 -2.0958801258931173e-35 -3.0372661560986757e-35
-23.046875 -6.059972374192437e-36 -5.5337285805073135e-36
-22.8515625 -1.53028096757423e-36 -8.626210518153208e-37
-22.65625 -3.471969023108651e-37 -1.0231011156747269e-37
-22.4609375 -7.166064117931323e-38 -4.292332743239319e-39
-22.265625 -1.3514954663255487e-38 2.276976751814242e-39
-22.0703125 -2.3259687422635664e-39 9.660353439569788e-40
-21.875 -3.6249287317261892e-40 2.5899803600193115e-40
-21.6796875 -5.022773229514419e-41 5.684520438496732e-41
-21.484375 -5.927003599249929e-42 1.0928760644472534e-41
-21.2890625 -5.235408168666095e-43 1.8902012102833764e-42
-21.09375 -1.2960499836933885e-44 2.975703828462222e-43
-20.8984375 7.892878552835361e-45 4.282671741538615e-44
-20.703125 2.3584671457264447e-45 5.665558086254295e-45
-20.5078125 3.3470871904089163e-46 7.768503948629466e-46
-20.3125 -2.04980693199321e-46 3.083348044759941e-46
-20.1171875 -4.8231265521970644e-46 4.939663331919959e-46
-19.921875 -8.054317855867631e-46 9.47569971900055e-46
-19.7265625 -1.2454506843380544e-45 1.7478457654492172e-45
-19.53125 -1.8096708223969457e-45 3.069717451266282e-45
-19.3359375 -2.4575164963297562e-45 5.137352575397712e-45
-19.140625 -3.083603224946207e-45 8.199958877410058e-45
-18.9453125 -3.5000275442694796e-45 1.2491124810971055e-44
-18.75 -3.4319670496958244e-45 1.816831406565142e-44
-18.5546875 -2.5376051774598567e-45 2.5240086873946306e-44
-18.359375 -4.5912527470463604e-46 3.3497602694998095e-44
-18.1640625 3.0971550460486926e-45 4.247326722500562e-44
-17.96875 8.265281465115885e-45 5.144935364245699e-44
-17.7734375 1.493360734068945e-44 5.953050484880726e-44
-17.578125 2.2698001794900955e-44 6.57768903662945e-44
-17.3828125 3.087895040483783e-44 6.937416386838159e-44
-17.1875 3.8611234723964933e-44 6.97998373522043e-44
-16.9921875 4.499243634431543e-44 6.694071388432039e-44
-16.796875 4.925559525189726e-44 6.112631734075026e-44
-16.6015625 5.09205133246203e-44 5.306647706428357e-44
-16.40625 4.988253622120111e-44 4.3709390256108914e-44
-16.2109375 4.641618008333397e-44 3.4059236276341883e-44
-16.015625 4.1096809749816474e-44 2.500156072495517e-44
-15.8203125 3.4666998886915e-44 1.71776905896322e-44
-15.625 2.7886983962320333e-44 1.0930350180999385e-44
-15.4296875 2.1407431467796315e-44 6.319590654222543e-45
-15.234375 1.5689986900531828e-44 3.189596484381956e-45
-15.0390625 1.0983109190238497e-44 1.258184463064789e-45
-14.84375 7.344544049021456e-45 2.0248515610164864e-46
-14.6484375 4.692254623237855e-45 -2.76854582713974e-46
-14.453125 2.863957757593234e-45 -4.194690031252746e-46
-14.2578125 1.669787717232101e-45 -3.943660048313238e-46
-14.0625 9.29722631020415e-46 -3.0647492735629726e-46
-13.8671875 4.941630056750562e-46 -2.1180101485965343e-46
-13.671875 2.505915553712553e-46 -1.3411910254872474e-46
-13.4765625 1.2114511078090614e-46 -7.900974155192696e-47
-13.28125 5.577425785721877e-47 -4.3682194419517786e-47
-13.0859375 2.441932698946104e-47 -2.2790369058967347e-47
-12.890625 1.0147510695969647e-47 -1.126192556003795e-47
-12.6953125 3.991389617018067e-48 -5.2843828261064465e-48
-12.5 1.4801524134645326e-48 -2.3587861126878816e-48
-12.3046875 5.143930887686461e-49 -1.0029395900939636e-48
-12.109375 1.659084879314231e-49 -4.066125804559328e-49
-11.9140625 4.881468963265771e-50 -1.5729775372543025e-49
-11.71875 1.26505004456555e-50 -5.809373500637073e-50
-11.5234375 2.6355080933571402e-51 -2.0490892524896038e-50
-11.328125 2.8613606362786365e-52 -6.904275331007636e-51
-11.1328125 -1.0025332276614163e-52 -2.2225390192887404e-51
-10.9375 -9.04563089156264e-53 -6.83523918790712e-52
-10.7421875 -4.449780716506212e-53 -2.008077727572881e-52
-10.546875 -1.7710721964401937e-53 -5.634126799070711e-53
-10.3515625 -6.222164708393803e-54 -1.5091402039800118e-53
-10.15625 -1.9960827363243467e-54 -3.857063368139318e-54
-9.9609375 -5.946040438012611e-55 -9.39914130180727e-55
-9.765625 -1.6604260719218845e-55 -2.181676827436119e-55
-9.5703125 -4.372364833142411e-56 -4.817000405633211e-56
-9.375 -1.0899617851441367e-56 -1.009819514781214e-56
-9.1796875 -2.579133226406555e-57 -2.00479207244565e-57
-8.984375 -5.8041467536121476e-58 -3.7552262148863536e-58
-8.7890625 -1.2439805105768195e-58 -6.599492018447329e-59
-8.59375 -2.5418411316695826e-59 -1.0784601180236405e-59
-8.3984375 -4.955353710449234e-60 -1.613420013790839e-60
-8.203125 -9.222194461703341e-61 -2.142493222840759e-61
-8.0078125 -1.6390691748963263e-61 -2.3394586923127966e-62
-7.8125 -2.782745145300977e-62 -1.5397794675114794e-63
-7.6171875 -4.513560423898488e-63 1.4095861167459754e-64
-7.421875 -6.994256858629568e-64 8.271636995277007e-65
-7.2265625 -1.0353755230561854e-64 2.1442633014600737e-65
-7.03125 -1.4638406475171255e-65 4.379604802454064e-66
-6.8359375 -1.975954695714918e-66 7.828278461555878e-67
-6.640625 -2.5452297528081097e-67 1.2727910774233965e-67
-6.4453125 -3.126362256570296e-68 1.9176477449363343e-68
-6.25 -3.658482119525849e-69 2.705159276786739e-69
-6.0546875 -4.073363481957504e-70 3.595691296021433e-70
-5.859375 -4.307576857481106e-71 4.522103601456038e-71
-5.6640625 -4.3159728436316275e-72 5.396411964238603e-72
-5.46875 -4.082899509451193e-73 6.12287659099968e-73
-5.2734375 -3.627702473836152e-74 6.6150193096013665e-74
-5.078125 -3.00246687940256e-75 6.812447891236181e-75
-4.8828125 -2.2822283151843072e-76 6.692989900545765e-76
-4.6875 -1.5501915055855894e-77 6.276780813659006e-77
-4.4921875 -8.81972775198983e-79 5.621266870410928e-78
-4.296875 -3.3297703302479977e-80 4.808733654187133e-79
-4.1015625 6.824226265573976e-82 3.929988313451888e-80
-3.90625 3.198465455714968e-82 3.0685307841944987e-81
-3.7109375 4.4103279179480425e-83 2.2888319328923407e-82
-3.515625 4.633434553101139e-84 1.6306311525232921e-83
-3.3203125 4.217562550653566e-85 1.1092092913869907e-84
-3.125 3.476996609418381e-86 7.200763782091563e-86
-2.9296875 2.6502710069488417e-87 4.458217493642185e-87
-2.734375 1.8889296226603472e-88 2.630074585553967e-88
-2.5390625 1.2674871662844777e-89 1.4766136073252906e-89
-2.34375 8.04259709346627e-91 7.876490135431449e-91
-2.1484375 4.840308701258554e-92 3.982583940135884e-92
-1.953125 2.766363803107885e-93 1.895319755866413e-93
-1.7578125 1.8681389750677196e-94 7.014670074305013e-95
-1.5625 8.959148081656325e-95 1.7803308044898152e-94
-1.3671875 -8.119058107415063e-94 4.177074571683716e-94
-1.171875 -2.0395899973859143e-93 -3.6345169028446128e-93
-0.9765625 1.562612950283748e-92 -9.53607960950241e-93
-0.78125 4.27054857725419e-92 6.45493543567906e-92
-0.5859375 -2.561715260858158e-91 1.8328270062881358e-91
-0.390625 -7.541819213572423e-91 -9.766189518459631e-91
-0.1953125 3.5762321360747695e-90 -2.9765188257596914e-90
0.0 1.1270801046003525e-89 1.2576983790662497e-89
0.1953125 -4.247304610023178e-89 4.0957170857507825e-89
0.390625 -1.428673195588092e-88 -1.3770911879981193e-88
0.5859375 4.285872351620843e-88 -4.784633653713659e-88
0.78125 1.538689521095631e-87 1.2801007580369485e-87
0.9765625 -3.668275768107581e-87 4.752300554986576e-87
1.171875 -1.4098190409096464e-86 -1.0082234764892842e-86
1.3671875 2.6568524360481988e-86 -4.01770877557243e-86
1.5625 1.0999988200206338e-85 6.709664995033973e-86
1.7578125 -1.6230183029882288e-85 2.8936271447623106e-85
1.953125 -7.314133573422599e-85 -3.7579326663071064e-85
2.1484375 8.321889886367456e-85 -1.776571038310942e-84
2.34375 4.146937832795399e-84 1.760731418099507e-84
2.5390625 -3.554543529634837e-84 9.302945283438373e-84
2.734375 -2.005770845349817e-83 -6.834888364475372e-84
2.9296875 1.2488259767343214e-83 -4.156496488289724e-83
3.125 8.278921946680745e-83 2.1609483179738118e-83
3.3203125 -3.523966114493594e-83 1.5850146583928983e-82
3.515625 -2.916867905594002e-82 -5.374803693493276e-83
3.7109375 7.57004430450729e-83 -5.1598040904810417e-82
3.90625 8.773842872333468e-82 9.612466317668136e-83
4.1015625 -1.0426369216284378e-82 1.4341421862113044e-81
4.296875 -2.253430607401484e-81 -8.121225797705197e-83
4.4921875 -1.7896895269390841e-84 -3.4036751265451947e-81
4.6875 4.942022305888468e-81 -1.8331154240462708e-82
4.8828125 5.087733546614131e-82 6.897841187008238e-81
5.078125 -9.254888915436309e-81 1.0237997831016563e-81
5.2734375 -1.764042017087059e-81 -1.1936439798450773e-80
5.46875 1.4798524622218873e-80 -2.7429629181722715e-81
5.6640625 3.9404346501250346e-81 1.7635783754256814e-80
5.859375 -2.0202020564568603e-80 5.295791182923738e-81
6.0546875 -6.7086760449178085e-81 -2.22437310864415e-80
6.25 2.354075182880051e-80 -8.049414827861505e-81
6.4453125 9.178028261974046e-81 2.3945163787189254e-80
6.640625 -2.34089894103982e-80 9.968195572688317e-81
6.8359375 -1.0330519994026454e-80 -2.1993527967028044e-80
7.03125 1.9857825573636544e-80 -1.0229172889465264e-80
7.2265625 9.687632391968917e-81 1.7229277332213628e-80
7.421875 -1.4363871000698093e-80 8.782272081810694e-81
7.6171875 -7.625927835439746e-81 -1.1505658802284834e-80
7.8125 8.85419344236832e-81 -6.346106287946525e-81
8.0078125 5.0634070109639965e-81 6.545469552166014e-81
8.203125 -4.647695517766417e-81 3.874891791395754e-81
8.3984375 -2.845069020465986e-81 -3.169446342619092e-81
8.59375 2.0754566778660962e-81 -2.0047373656023423e-81
8.7890625 1.3559761007169826e-81 1.304831732800548e-81
8.984375 -7.874454720214053e-82 8.805646329965134e-82
9.1796875 -5.491089488816611e-82 -4.5604995226271464e-82
9.375 2.534045286625971e-82 -3.2885751409260803e-82
9.5703125 1.8917545313681403e-82 1.3504855754623192e-82
9.765625 -6.90044807714969e-83 1.0453902740610397e-82
9.9609375 -5.5499840408074466e-83 -3.378956136858285e-83
10.15625 1.5847876688317393e-83 -2.831016566431452e-83
10.3515625 1.3875983347667478e-83 7.114679158238265e-84
10.546875 -3.0547651249191853e-84 6.535595013681271e-84
10.7421875 -2.9582325149627216e-84 -1.2531032944716123e-84
10.9375 4.904563360891747e-85 -1.2868501009044375e-84
11.1328125 5.380119804025272e-85 1.8283126866363167e-85
11.328125 -6.475833405248423e-86 2.161929646643062e-85
11.5234375 -8.35010145004661e-86 -2.172065889593295e-86
11.71875 6.8649183133863665e-87 -3.099954662143858e-86
11.9140625 1.106224171174611e-86 2.0288285441880813e-87
12.109375 -5.534669969653306e-88 3.7945832635215246e-87
12.3046875 -1.2511949946319971e-87 -1.3601945190019205e-88
12.5 2.8503241480303945e-89 -3.965797385649099e-88
12.6953125 1.2085086128014787e-88 4.269739518287852e-90
12.890625 8.63883515924855e-92 3.548399532362036e-89
13.0859375 -9.973741119877582e-90 7.912103754802795e-91
13.28125 -8.938729549383716e-91 -1.2075728455350768e-90
13.4765625 -4.0124258447962435e-90 4.075437133051484e-90
13.671875 -2.201087412483347e-89 7.212450771600259e-90
13.8671875 -8.15846787773732e-89 -8.51146385852988e-90
14.0625 -2.4309968641629678e-88 -1.383246317889344e-88
14.2578125 -5.48718450520343e-88 -7.365034962062568e-88
14.453125 -6.537025979759926e-88 -2.828492408519216e-87
14.6484375 1.6339806677507322e-87 -8.68020676105155e-87
14.84375 1.4590221137654077e-86 -2.1360587374593052e-86
15.0390625 6.184817859255981e-86 -3.8633729472790906e-86
15.234375 1.9579816781765617e-85 -2.8623437843547595e-86
15.4296875 4.984010904988886e-85 1.3688017982429097e-85
15.625 1.009445847167877e-84 8.183397818933528e-85
15.8203125 1.442154112286762e-84 2.794736877532316e-84
16.015625 4.62664832819498e-85 7.311495181974501e-84
16.2109375 -5.632929014803518e-84 1.5431688769684933e-83
16.40625 -2.450922139660852e-83 2.5622947398078512e-83
16.6015625 -6.801120697341983e-83 2.830837512719811e-83
16.796875 -1.4729863289860808e-82 -2.7652021802714377e-84
16.9921875 -2.575514021267521e-82 -1.1873032388730226e-82
17.1875 -3.4873208595879035e-82 -3.9311255045058194e-82
17.3828125 -2.881174346152947e-82 -8.919051186723678e-82
17.578125 1.6182809092707643e-82 -1.6010204550495758e-81
17.7734375 1.307317011260523e-81 -2.315782436338221e-81
17.96875 3.383750934571611e-81 -2.5387565605611967e-81
18.1640625 6.306052185977039e-81 -1.4797739166408706e-81
18.359375 9.38797177495851e-81 1.7345374956205146e-81
18.5546875 1.12099380906797e-80 7.601711785398376e-81
18.75 9.851871200632746e-81 1.565428922207501e-80
18.9453125 3.5978624696959564e-81 2.4045894655017284e-80
19.140625 -8.047658749332456e-81 2.9692719822677172e-80
19.3359375 -2.3498578536174567e-80 2.9184262225445277e-80
19.53125 -3.897229581018022e-80 2.0269531190245256e-80
19.7265625 -4.948079623785298e-80 3.272023195670258e-81
19.921875 -5.073678218908077e-80 -1.8403375202168728e-80
20.1171875 -4.124458367264729e-80 -3.9245981439822346e-80
20.3125 -2.3843348899740225e-80 -5.413578140182778e-80
20.5078125 -7.161484950671348e-81 -6.228961668180448e-80
20.703125 -1.1096961394311267e-80 -7.430187609371362e-80
20.8984375 -9.034377309591144e-80 -1.3027522043422876e-79
21.09375 -4.164707484714058e-79 -3.510733260561795e-79
21.2890625 -1.5268445025425505e-78 -1.0084626219747819e-78
21.484375 -5.000217511163684e-78 -1.5510025457152616e-78
21.6796875 -1.4095546938552407e-77 1.4882422103846149e-77
21.875 -7.395481442070629e-78 2.326509082291496e-76
22.0703125 5.3412509781135326e-76 2.0803029735261117e-75
22.265625 7.700415048053019e-75 1.2859583636680235e-74
22.4609375 6.703290022774712e-74 3.680793831646104e-74
22.65625 3.081660353204068e-73 -3.299361778379844e-73
22.8515625 -1.4127891498809112e-72 -6.317279553176918e-72
23.046875 -4.838830605003913e-71 -5.639234566112367e-71
23.2421875 -6.083287861630388e-70 -2.925268846986799e-70
23.4375 -5.29646280270878e-69 -3.7940805787401256e-71
23.6328125 -3.4747788065047547e-68 1.7880211203542204e-68
23.828125 -1.5184769419035818e-67 2.4304655324084184e-67
24.0234375 -2.9314911251194797e-67 2.576304300211883e-66
24.21875 2.641678750078447e-66 2.056543697990213e-65
24.4140625 1.6818564724185206e-64 2.137600628239535e-64
24.609375 1.4224567771040362e-63 3.3229821685560154e-63
24.8046875 2.0309663884347344e-62 2.683440760817155e-63
25.0 7.798925175861937e-61 1.720137932661209e-61
25.1953125 1.0104464418490286e-60 4.097061315640486e-60
25.390625 3.731569312982144e-59 -1.1865976173404015e-58
25.5859375 1.8312928258566427e-57 2.430380517568752e-58
25.78125 -1.7216139640599018e-56 4.5619154410254e-57
25.9765625 5.895009574980076e-56 -3.9192951639719015e-55
26.171875 3.078166668681942e-54 2.6143086748495585e-54
26.3671875 -6.388988634965553e-53 4.0929785635710396e-54
26.5625 3.227934385215608e-52 -7.301357896343678e-52
26.7578125 3.8402970790398486e-51 8.653537410243828e-51
26.953125 -1.1862168988485392e-49 -2.0432630730086153e-50
27.1484375 9.433205637829204e-49 -9.088557719561732e-49
27.34375 1.6922941783579818e-48 1.4855122965557308e-47
27.5390625 -1.3846664000539459e-46 -7.488166417469566e-47
27.734375 1.465085687174557e-45 -6.612988642746437e-46
27.9296875 -3.171700545804632e-45 1.566782443476062e-44
28.125 -1.009730732914588e-43 -1.114783247650131e-43
28.3203125 1.3749529745162085e-42 -1.391490899792219e-43
28.515625 -6.114253300015772e-42 1.046592030480719e-41
28.7109375 -4.0530395927971674e-41 -9.426494845536518e-41
28.90625 8.157340009488137e-40 1.8684803301693434e-40
29.1015625 -4.962194189201586e-39 4.282138697193306e-39
29.296875 -3.8991721848193635e-39 -4.937331145982166e-38
29.4921875 3.0593173019398868e-37 1.891535581805215e-37
29.6875 -2.3332580472053345e-36 9.415329673024175e-37
29.8828125 4.177509048699335e-36 -1.6418006028103449e-35
30.078125 6.974049935437816e-35 8.476439301846711e-35
30.2734375 -6.83779072896662e-34 3.7955463226973165e-35
30.46875 2.244731764735109e-33 -3.444812940310276e-33
30.6640625 8.375803066872984e-33 2.2240069463508128e-32
30.859375 -1.2732649191441168e-31 -3.562140031250206e-32
31.0546875 5.571700772889436e-31 -4.368619513301778e-31
31.25 1.1651120055968692e-31 3.64787611663458e-30
31.4453125 -1.4934939259360803e-29 -1.0241308720286085e-29
31.640625 8.163435355683324e-29 -2.8571786520800787e-29
31.8359375 -1.1612027963266005e-28 3.802959280147825e-28
32.03125 -1.0528400575265066e-27 -1.4098443104867766e-27
32.2265625 7.49488814879029e-27 -6.280213857077758e-29
32.421875 -1.7971999122560993e-26 2.4929819628955653e-26
32.6171875 -3.736322067309999e-26 -1.1538740281756165e-25
32.8125 4.374125373663267e-25 1.449180995195198e-25
33.0078125 -1.3733989796727628e-24 9.762415273691416e-25
33.203125 9.01277475745341e-26 -5.9300020441789974e-24
33.3984375 1.6022109886043736e-23 1.2133815746645333e-23
33.59375 -6.280096979984605e-23 1.8721039603161333e-23
33.7890625 6.932296779887272e-23 -1.937272809712572e-22
33.984375 3.4834192884987153e-22 5.151174651117907e-22
34.1796875 -1.8064111013764202e-21 -7.010484196065339e-23
34.375 3.153515431655937e-21 -3.964722850018992e-21
34.5703125 3.595755282112006e-21 1.3159605564699665e-20
34.765625 -3.3022980787661393e-20 -1.2728892513285365e-20
34.9609375 7.443147804115498e-20 -4.7870529787982256e-20
35.15625 -1.3138629615136032e-20 2.1169249052865912e-19
35.3515625 -3.7754047284793417e-19 -3.160867152782378e-19
35.546875 1.0618707043077685e-18 -2.663680828642093e-19
35.7421875 -8.980737804728326e-19 2.1611916935055224e-18
35.9375 -2.53816725800715e-18 -4.157455858420345e-18
36.1328125 9.524910506763967e-18 7.765195608516143e-19
36.328125 -1.2279288812798574e-17 1.375016192195649e-17
36.5234375 -7.79481665907444e-18 -3.319382865189122e-17
36.71875 5.382741747367263e-17 2.3847835339833235e-17
36.9140625 -9.096278231424063e-17 5.046203823315119e-17
37.109375 1.2590424575800595e-17 -1.693698269128328e-16
37.3046875 1.801005361858691e-16 1.68193536025133e-16
37.5 -4.444397600643366e-16 3.5505694400793035e-17
37.6953125 7.339960136901699e-17 -6.795785661686241e-16
37.890625 -2.4960771104167825e-16 3.046719617974993e-16
38.0859375 -3.398102568863798e-15 -1.201399648041868e-15
38.28125 -6.483511000326719e-15 -3.078866674893301e-15
38.4765625 -2.2631856019286186e-14 -4.564180976945182e-17
38.671875 -6.707864706903048e-14 5.965596540913226e-15
38.8671875 -1.684930631649346e-13 5.126372777192508e-14
39.0625 -4.1395034168619115e-13 2.2417440842588377e-13
39.2578125 -9.183994385647283e-13 7.476343599503544e-13
39.453125 -1.826578411057436e-12 2.2177492378675613e-12
39.6484375 -3.189614961609026e-12 5.919476245406958e-12
39.84375 -4.447774573510688e-12 1.4446243874631237e-11
40.0390625 -3.353172905608152e-12 3.255743131419843e-11
40.234375 6.34220716383725e-12 6.790797648253566e-11
40.4296875 3.8993459133436265e-11 1.3111788554397297e-10
40.625 1.231237869245367e-10 2.3364658153832746e-10
40.8203125 3.0895292671573617e-10 3.8134315401971316e-10
41.015625 6.748754383859168e-10 5.614892700635027e-10
41.2109375 1.3279935520965345e-09 7.220534592690786e-10
41.40625 2.3918337994356163e-09 7.452969154154524e-10
41.6015625 3.974228576852675e-09 4.233368028522703e-10
41.796875 6.112671745559345e-09 -5.505681111299874e-10
41.9921875 8.704039366337955e-09 -2.5574306201375996e-09
42.1875 1.1438812124711713e-08 -5.980360499050295e-09
42.3828125 1.3771728570514696e-08 -1.1083998620911476e-08
42.578125 1.4962994455594297e-08 -1.7867328699200713e-08
42.7734375 1.4209888869254898e-08 -2.59359143909129e-08
42.96875 1.085714951127592e-08 -3.445288037350752e-08
43.1640625 4.635026520357252e-09 -4.221796832374896e-08
43.359375 -4.1558732272703906e-09 -4.788676376993679e-08
43.5546875 -1.459520070498688e-08 -5.028763592964693e-08
43.75 -2.5275464038338437e-08 -4.874459763840031e-08
43.9453125 -3.45994321534388e-08 -4.329553825720228e-08
44.140625 -4.1159141444203824e-08 -3.472141592093382e-08
44.3359375 -4.40756375503225e-08 -2.4366390833994566e-08
44.53125 -4.318877059945144e-08 -1.3805049770700523e-08
44.7265625 -3.9041444148366206e-08 -4.4671285706466605e-09
44.921875 -3.2678113352698295e-08 2.6610033151609497e-09
45.1171875 -2.533965150708102e-08 7.176758274553742e-09
45.3125 -1.816096505004001e-08 9.226754805042061e-09
45.5078125 -1.1958863315348656e-08 9.341339522262542e-09
45.703125 -7.150434411843359e-09 8.215782585712327e-09
45.8984375 -3.7909236320204364e-09 6.514015574681922e-09
46.09375 -1.6856764920308738e-09 4.742833958058886e-09
46.2890625 -5.217237013863465e-10 3.207983513101536e-09
46.484375 2.3156215634075347e-11 2.034724030530908e-09
46.6796875 2.140012272726713e-10 1.2224174398683496e-09
46.875 2.345389637404818e-10 7.04536690336934e-10
47.0703125 1.9288622850784646e-10 3.958870331101811e-10
47.265625 1.4156952915083611e-10 2.2064653176595175e-10
47.4609375 9.957404364072684e-11 1.233727507779456e-10
47.65625 6.96513864166117e-11 6.896276244120668e-11
47.8515625 4.899656976414975e-11 3.763384964127937e-11
48.046875 3.4339829143098975e-11 1.9148685254325937e-11
48.2421875 2.3525664216358288e-11 8.342151036836768e-12
48.4375 1.5454463249475592e-11 2.4046873951982998e-12
48.6328125 9.585480977174797e-12 -4.424964261815061e-13
48.828125 5.5445691304525124e-12 -1.4547270580294536e-12
49.0234375 2.9558757658681212e-12 -1.5154352461455263e-12
49.21875 1.4302419120891944e-12 -1.1930594741581917e-12
49.4140625 6.116489168383313e-13 -8.022383937923155e-13
49.609375 2.1771236211397498e-13 -4.801584290138756e-13
49.8046875 5.2550481348016675e-14 -2.603701943944832e-13

