-50.0 0.0 0.0
-49.8046875 0.0 0.0
-49.609375 0.0 0.0
-49.4140625 0.0 0.0
-49.21875 0.0 0.0
-49.0234375 0.0 0.0
-48.828125 0.0 0.0
-48.6328125 0.0 0.0
-48.4375 0.0 0.0
-48.2421875 0.0 0.0
-48.046875 0.0 0.0
-47.8515625 0.0 0.0
-47.65625 0.0 0.0
-47.4609375 0.0 0.0
-47.265625 0.0 0.0
-47.0703125 0.0 0.0
-46.875 0.0 0.0
-46.6796875 0.0 0.0
-46.484375 0.0 0.0
-46.2890625 0.0 0.0
-46.09375 0.0 0.0
-45.8984375 0.0 0.0
-45.703125 0.0 0.0
-45.5078125 0.0 0.0
-45.3125 0.0 0.0
-45.1171875 0.0 0.0
-44.921875 0.0 0.0
-44.7265625 0.0 0.0
-44.53125 0.0 0.0
-44.3359375 0.0 0.0
-44.140625 0.0 0.0
-43.9453125 0.0 0.0
-43.75 0.0 0.0
-43.5546875 0.0 0.0
-43.359375 0.0 0.0
-43.1640625 0.0 0.0
-42.96875 0.0 0.0
-42.7734375 0.0 0.0
-42.578125 0.0 0.0
-42.3828125 0.0 0.0
-42.1875 0.0 0.0
-41.9921875 0.0 0.0
-41.796875 0.0 0.0
-41.6015625 0.0 0.0
-41.40625 0.0 0.0
-41.2109375 0.0 0.0
-41.015625 0.0 0.0
-40.8203125 0.0 0.0
-40.625 0.0 0.0
-40.4296875 0.0 0.0
-40.234375 0.0 0.0
-40.0390625 0.0 0.0
-39.84375 0.0 0.0
-39.6484375 0.0 0.0
-39.453125 0.0 0.0
-39.2578125 0.0 0.0
-39.0625 0.0 0.0
-38.8671875 0.0 0.0
-38.671875 0.0 0.0
-38.4765625 0.0 0.0
-38.28125 0.0 0.0
-38.0859375 0.0 0.0
-37.890625 0.0 0.0
-37.6953125 0.0 0.0
-37.5 0.0 0.0
-37.3046875 0.0 0.0
-37.109375 0.0 0.0
-36.9140625 0.0 0.0
-36.71875 0.0 0.0
-36.5234375 0.0 0.0
-36.328125 0.0 0.0
-36.1328125 0.0 0.0
-35.9375 0.0 0.0
-35.7421875 0.0 0.0
-35.546875 0.0 0.0
-35.3515625 0.0 0.0
-35.15625 0.0 0.0
-34.9609375 0.0 0.0
-34.765625 0.0 0.0
-34.5703125 0.0 0.0
-34.375 0.0 0.0
-34.1796875 0.0 0.0
-33.984375 0.0 0.0
-33.7890625 0.0 0.0
-33.59375 0.0 0.0
-33.3984375 0.0 0.0
-33.203125 0.0 0.0
-33.0078125 0.0 0.0
-32.8125 0.0 0.0
-32.6171875 0.0 0.0
-32.421875 0.0 0.0
-32.2265625 0.0 0.0
-32.03125 0.0 0.0
-31.8359375 0.0 0.0
-31.640625 0.0 0.0
-31.4453125 0.0 0.0
-31.25 0.0 0.0
-31.0546875 0.0 0.0
-30.859375 0.0 0.0
-30.6640625 0.0 0.0
-30.46875 0.0 0.0
-30.2734375 0.0 0.0
-30.078125 0.0 0.0
-29.8828125 0.0 0.0
-29.6875 0.0 0.0
-29.4921875 0.0 0.0
-29.296875 0.0 0.0
-29.1015625 0.0 0.0
-28.90625 0.0 0.0
-28.7109375 0.0 0.0
-28.515625 0.0 0.0
-28.3203125 0.0 0.0
-28.125 0.0 0.0
-27.9296875 0.0 0.0
-27.734375 0.0 0.0
-27.5390625 0.0 0.0
-27.34375 0.0 0.0
-27.1484375 0.0 0.0
-26.953125 0.0 0.0
-26.7578125 0.0 0.0
-26.5625 0.0 0.0
-26.3671875 0.0 0.0
-26.171875 0.0 0.0
-25.9765625 0.0 0.0
-25.78125 0.0 0.0
-25.5859375 0.0 0.0
-25.390625 0.0 0.0
-25.1953125 0.0 0.0
-25.0 0.0 0.0
-24.8046875 0.0 0.0
-24.609375 0.0 0.0
-24.4140625 0.0 0.0
-24.21875 0.0 0.0
-24.0234375 0.0 0.0
-23.828125 0.0 0.0
-23.6328125 0.0 0.0
-23.4375 0.0 0.0
-23.2421875 0.0 0.0
-23.046875 0.0 0.0
-22.8515625 0.0 0.0
-22.65625 0.0 0.0
-22.4609375 0.0 0.0
-22.265625 0.0 0.0
-22.0703125 0.0 0.0
-21.875 0.0 0.0
-21.6796875 0.0 0.0
-21.484375 0.0 0.0
-21.2890625 0.0 0.0
-21.09375 0.0 0.0
-20.8984375 0.0 0.0
-20.703125 0.0 0.0
-20.5078125 0.0 0.0
-20.3125 0.0 0.0
-20.1171875 0.0 0.0
-19.921875 0.0 0.0
-19.7265625 0.0 0.0
-19.53125 0.0 0.0
-19.3359375 0.0 0.0
-19.140625 0.0 0.0
-18.9453125 0.0 0.0
-18.75 0.0 0.0
-18.5546875 0.0 0.0
-18.359375 0.0 0.0
-18.1640625 0.0 0.0
-17.96875 0.0 0.0
-17.7734375 0.0 0.0
-17.578125 0.0 0.0
-17.3828125 0.0 0.0
-17.1875 0.0 0.0
-16.9921875 0.0 0.0
-16.796875 0.0 0.0
-16.6015625 0.0 0.0
-16.40625 0.0 0.0
-16.2109375 0.0 0.0
-16.015625 0.0 0.0
-15.8203125 0.0 0.0
-15.625 0.0 0.0
-15.4296875 0.0 0.0
-15.234375 0.0 0.0
-15.0390625 0.0 0.0
-14.84375 0.0 0.0
-14.6484375 0.0 0.0
-14.453125 0.0 0.0
-14.2578125 0.0 0.0
-14.0625 0.0 0.0
-13.8671875 0.0 0.0
-13.671875 0.0 0.0
-13.4765625 0.0 0.0
-13.28125 0.0 0.0
-13.0859375 0.0 0.0
-12.890625 0.0 0.0
-12.6953125 0.0 0.0
-12.5 0.0 0.0
-12.3046875 0.0 0.0
-12.109375 0.0 0.0
-11.9140625 0.0 0.0
-11.71875 0.0 0.0
-11.5234375 0.0 0.0
-11.328125 0.0 0.0
-11.1328125 0.0 0.0
-10.9375 0.0 0.0
-10.7421875 0.0 0.0
-10.546875 0.0 0.0
-10.3515625 0.0 0.0
-10.15625 0.0 0.0
-9.9609375 0.0 0.0
-9.765625 0.0 0.0
-9.5703125 0.0 0.0
-9.375 0.0 0.0
-9.1796875 0.0 0.0
-8.984375 0.0 0.0
-8.7890625 0.0 0.0
-8.59375 0.0 0.0
-8.3984375 0.0 0.0
-8.203125 0.0 0.0
-8.0078125 0.0 0.0
-7.8125 0.0 0.0
-7.6171875 0.0 0.0
-7.421875 0.0 0.0
-7.2265625 0.0 0.0
-7.03125 0.0 0.0
-6.8359375 0.0 0.0
-6.640625 0.0 0.0
-6.4453125 0.0 0.0
-6.25 0.0 0.0
-6.0546875 0.0 0.0
-5.859375 0.0 0.0
-5.6640625 0.0 0.0
-5.46875 0.0 0.0
-5.2734375 0.0 0.0
-5.078125 0.0 0.0
-4.8828125 0.0 0.0
-4.6875 0.0 0.0
-4.4921875 0.0 0.0
-4.296875 0.0 0.0
-4.1015625 0.0 0.0
-3.90625 0.0 0.0
-3.7109375 0.0 0.0
-3.515625 0.0 0.0
-3.3203125 0.0 0.0
-3.125 0.0 0.0
-2.9296875 0.0 0.0
-2.734375 0.0 0.0
-2.5390625 0.0 0.0
-2.34375 0.0 0.0
-2.1484375 0.0 0.0
-1.953125 0.0 0.0
-1.7578125 0.0 0.0
-1.5625 0.0 0.0
-1.3671875 0.0 0.0
-1.171875 0.0 0.0
-0.9765625 0.0 0.0
-0.78125 0.0 0.0
-0.5859375 0.0 0.0
-0.390625 0.0 0.0
-0.1953125 0.0 0.0
0.0 0.0 0.0
0.1953125 0.0 0.0
0.390625 0.0 0.0
0.5859375 0.0 0.0
0.78125 0.0 0.0
0.9765625 0.0 0.0
1.171875 0.0 0.0
1.3671875 0.0 0.0
1.5625 0.0 0.0
1.7578125 0.0 0.0
1.953125 0.0 0.0
2.1484375 0.0 0.0
2.34375 0.0 0.0
2.5390625 0.0 0.0
2.734375 0.0 0.0
2.9296875 0.0 0.0
3.125 0.0 0.0
3.3203125 0.0 0.0
3.515625 0.0 0.0
3.7109375 0.0 0.0
3.90625 0.0 0.0
4.1015625 0.0 0.0
4.296875 0.0 0.0
4.4921875 0.0 0.0
4.6875 0.0 0.0
4.8828125 0.0 0.0
5.078125 0.0 0.0
5.2734375 0.0 0.0
5.46875 0.0 0.0
5.6640625 0.0 0.0
5.859375 0.0 0.0
6.0546875 0.0 0.0
6.25 0.0 0.0
6.4453125 0.0 0.0
6.640625 0.0 0.0
6.8359375 0.0 0.0
7.03125 0.0 0.0
7.2265625 0.0 0.0
7.421875 0.0 0.0
7.6171875 0.0 0.0
7.8125 0.0 0.0
8.0078125 0.0 0.0
8.203125 0.0 0.0
8.3984375 0.0 0.0
8.59375 0.0 0.0
8.7890625 0.0 0.0
8.984375 0.0 0.0
9.1796875 0.0 0.0
9.375 0.0 0.0
9.5703125 0.0 0.0
9.765625 0.0 0.0
9.9609375 0.0 0.0
10.15625 0.0 0.0
10.3515625 0.0 0.0
10.546875 0.0 0.0
10.7421875 0.0 0.0
10.9375 0.0 0.0
11.1328125 0.0 0.0
11.328125 0.0 0.0
11.5234375 0.0 0.0
11.71875 0.0 0.0
11.9140625 0.0 0.0
12.109375 0.0 0.0
12.3046875 0.0 0.0
12.5 0.0 0.0
12.6953125 0.0 0.0
12.890625 0.0 0.0
13.0859375 0.0 0.0
13.28125 0.0 0.0
13.4765625 0.0 0.0
13.671875 0.0 0.0
13.8671875 0.0 0.0
14.0625 0.0 0.0
14.2578125 0.0 0.0
14.453125 0.0 0.0
14.6484375 0.0 0.0
14.84375 0.0 0.0
15.0390625 0.0 0.0
15.234375 0.0 0.0
15.4296875 0.0 0.0
15.625 0.0 0.0
15.8203125 0.0 0.0
16.015625 0.0 0.0
16.2109375 0.0 0.0
16.40625 0.0 0.0
16.6015625 0.0 0.0
16.796875 0.0 0.0
16.9921875 0.0 0.0
17.1875 0.0 0.0
17.3828125 0.0 0.0
17.578125 0.0 0.0
17.7734375 0.0 0.0
17.96875 0.0 0.0
18.1640625 0.0 0.0
18.359375 0.0 0.0
18.5546875 0.0 0.0
18.75 0.0 0.0
18.9453125 0.0 0.0
19.140625 0.0 0.0
19.3359375 0.0 0.0
19.53125 0.0 0.0
19.7265625 0.0 0.0
19.921875 0.0 0.0
20.1171875 0.0 0.0
20.3125 0.0 0.0
20.5078125 0.0 0.0
20.703125 0.0 0.0
20.8984375 0.0 0.0
21.09375 0.0 0.0
21.2890625 0.0 0.0
21.484375 0.0 0.0
21.6796875 0.0 0.0
21.875 0.0 0.0
22.0703125 0.0 0.0
22.265625 0.0 0.0
22.4609375 0.0 0.0
22.65625 0.0 0.0
22.8515625 0.0 0.0
23.046875 0.0 0.0
23.2421875 0.0 0.0
23.4375 0.0 0.0
23.6328125 0.0 0.0
23.828125 0.0 0.0
24.0234375 0.0 0.0
24.21875 0.0 0.0
24.4140625 0.0 0.0
24.609375 0.0 0.0
24.8046875 0.0 0.0
25.0 0.0 0.0
25.1953125 0.0 0.0
25.390625 0.0 0.0
25.5859375 0.0 0.0
25.78125 0.0 0.0
25.9765625 0.0 0.0
26.171875 0.0 0.0
26.3671875 0.0 0.0
26.5625 0.0 0.0
26.7578125 0.0 0.0
26.953125 0.0 0.0
27.1484375 0.0 0.0
27.34375 0.0 0.0
27.5390625 0.0 0.0
27.734375 0.0 0.0
27.9296875 0.0 0.0
28.125 0.0 0.0
28.3203125 0.0 0.0
28.515625 0.0 0.0
28.7109375 0.0 0.0
28.90625 0.0 0.0
29.1015625 0.0 0.0
29.296875 0.0 0.0
29.4921875 0.0 0.0
29.6875 0.0 0.0
29.8828125 0.0 0.0
30.078125 0.0 0.0
30.2734375 0.0 0.0
30.46875 0.0 0.0
30.6640625 0.0 0.0
30.859375 0.0 0.0
31.0546875 0.0 0.0
31.25 0.0 0.0
31.4453125 0.0 0.0
31.640625 0.0 0.0
31.8359375 0.0 0.0
32.03125 0.0 0.0
32.2265625 0.0 0.0
32.421875 0.0 0.0
32.6171875 0.0 0.0
32.8125 0.0 0.0
33.0078125 0.0 0.0
33.203125 0.0 0.0
33.3984375 0.0 0.0
33.59375 0.0 0.0
33.7890625 0.0 0.0
33.984375 0.0 0.0
34.1796875 0.0 0.0
34.375 0.0 0.0
34.5703125 0.0 0.0
34.765625 0.0 0.0
34.9609375 0.0 0.0
35.15625 0.0 0.0
35.3515625 0.0 0.0
35.546875 0.0 0.0
35.7421875 0.0 0.0
35.9375 0.0 0.0
36.1328125 0.0 0.0
36.328125 0.0 0.0
36.5234375 0.0 0.0
36.71875 0.0 0.0
36.9140625 0.0 0.0
37.109375 0.0 0.0
37.3046875 0.0 0.0
37.5 0.0 0.0
37.6953125 0.0 0.0
37.890625 0.0 0.0
38.0859375 0.0 0.0
38.28125 0.0 0.0
38.4765625 0.0 0.0
38.671875 0.0 0.0
38.8671875 0.0 0.0
39.0625 0.0 0.0
39.2578125 0.0 0.0
39.453125 0.0 0.0
39.6484375 0.0 0.0
39.84375 0.0 0.0
40.0390625 0.0 0.0
40.234375 0.0 0.0
40.4296875 0.0 0.0
40.625 0.0 0.0
40.8203125 0.0 0.0
41.015625 0.0 0.0
41.2109375 0.0 0.0
41.40625 0.0 0.0
41.6015625 0.0 0.0
41.796875 0.0 0.0
41.9921875 0.0 0.0
42.1875 0.0 0.0
42.3828125 0.0 0.0
42.578125 0.0 0.0
42.7734375 0.0 0.0
42.96875 0.0 0.0
43.1640625 0.0 0.0
43.359375 0.0 0.0
43.5546875 0.0 0.0
43.75 0.0 0.0
43.9453125 0.0 0.0
44.140625 0.0 0.0
44.3359375 0.0 0.0
44.53125 0.0 0.0
44.7265625 0.0 0.0
44.921875 0.0 0.0
45.1171875 0.0 0.0
45.3125 0.0 0.0
45.5078125 0.0 0.0
45.703125 0.0 0.0
45.8984375 0.0 0.0
46.09375 0.0 0.0
46.2890625 0.0 0.0
46.484375 0.0 0.0
46.6796875 0.0 0.0
46.875 0.0 0.0
47.0703125 0.0 0.0
47.265625 0.0 0.0
47.4609375 0.0 0.0
47.65625 0.0 0.0
47.8515625 0.0 0.0
48.046875 0.0 0.0
48.2421875 0.0 0.0
48.4375 0.0 0.0
48.6328125 0.0 0.0
48.828125 0.0 0.0
49.0234375 0.0 0.0
49.21875 0.0 0.0
49.4140625 0.0 0.0
49.609375 0.0 0.0
49.8046875 0.0 0.0

