-50.0 0.0 0.0
-49.8046875 0.0 0.0
-49.609375 0.0 0.0
-49.4140625 0.0 0.0
-49.21875 0.0 0.0
-49.0234375 0.0 0.0
-48.828125 0.0 0.0
-48.6328125 0.0 0.0
-48.4375 0.0 0.0
-48.2421875 0.0 0.0
-48.046875 0.0 0.0
-47.8515625 0.0 0.0
-47.65625 0.0 0.0
-47.4609375 0.0 0.0
-47.265625 -1.5e-323 -2e-323
-47.0703125 2.1116e-320 -1.9214e-320
-46.875 1.961954e-317 2.04724e-317
-46.6796875 -1.908327332e-314 1.925748777e-314
-46.484375 -1.817061387275e-311 -1.709958469274e-311
-46.2890625 1.4727695158766953e-308 -1.648263621167573e-308
-46.09375 1.4374611316968205e-305 1.2191715222338056e-305
-45.8984375 -9.699196339345502e-303 1.2053156818163862e-302
-45.703125 -9.717656860198134e-300 -7.414859740536597e-300
-45.5078125 5.446483040444879e-297 -7.533508626989633e-297
-45.3125 5.615975950329838e-294 3.8434274899214696e-294
-45.1171875 -2.605230958755538e-291 4.025882891298753e-291
-44.921875 -2.7753601580326244e-288 -1.695998418216855e-288
-44.7265625 1.060162072596148e-285 -1.8399795769136215e-285
-44.53125 1.1731514969784342e-282 6.361942176023437e-283
-44.3359375 -3.664081923617825e-280 7.193721398141474e-280
-44.140625 -4.24249737129673e-277 -2.0247286405220677e-277
-43.9453125 1.0730972973035868e-274 -2.4063964091707956e-274
-43.75 1.3128005548647424e-271 5.452512106099393e-272
-43.5546875 -2.654704588548344e-269 6.888488779196293e-269
-43.359375 -3.476559975594467e-266 -1.2377292147482883e-266
-43.1640625 5.521900071658986e-264 -1.6876499327969995e-263
-42.96875 7.880024703542867e-261 2.354953207048901e-261
-42.7734375 -9.588835601993665e-259 3.53908098808021e-258
-42.578125 -1.5288882291763328e-255 -3.72161323639801e-256
-42.3828125 1.3738094268828708e-253 -6.353124781084774e-253
-42.1875 2.5393879993599856e-250 4.808719157298087e-251
-41.9921875 -1.5890091779289533e-248 9.763463919874728e-248
-41.796875 -3.610893562613468e-245 -4.923762824689366e-246
-41.6015625 1.4149956207060987e-243 -1.2845873243546907e-242
-41.40625 4.3959488641623684e-240 3.696711812038771e-241
-41.2109375 -8.414349771372393e-239 1.4470487122279035e-237
-41.015625 -4.582012381970319e-235 -1.4791142978562228e-236
-40.8203125 9.010944375695599e-235 -1.3956375031074e-232
-40.625 4.089145452078723e-230 -7.916284758587061e-232
-40.4296875 5.209338882269598e-229 1.1524867604319244e-227
-40.234375 -3.124512789506567e-225 2.2216171986753422e-226
-40.0390625 -7.912075310145051e-224 -8.14837057449494e-223
-39.84375 2.044090285485871e-220 -2.518892131175993e-221
-39.6484375 7.37523440750119e-219 4.932516508849834e-218
-39.453125 -1.1449172931171005e-215 2.015298142373469e-216
-39.2578125 -5.183228617859389e-214 -2.5563144776365842e-213
-39.0625 5.4901739984295445e-211 -1.2615525869245122e-211
-38.8671875 2.9163250746350746e-209 1.1341910557172492e-208
-38.671875 -2.2537760176061622e-206 6.419614668383046e-207
-38.4765625 -1.3481632124074173e-204 -4.307798354959462e-204
-38.28125 7.919817781615318e-202 -2.704914558882056e-202
-38.0859375 5.190619172459512e-200 1.4005054653216534e-199
-37.890625 -2.3820903172109388e-197 9.534887817912231e-198
-37.6953125 -1.6778179912760015e-195 -3.896985762622802e-195
-37.5 6.131818800785048e-193 -2.8297823792667896e-193
-37.3046875 4.576603625594062e-191 9.279652445822073e-191
-37.109375 -1.3506637734308807e-188 7.100439655731862e-189
-36.9140625 -1.057114191260755e-186 -1.8907161908105686e-186
-36.71875 2.545414367748829e-184 -1.5106888134803303e-184
-36.5234375 2.0727598652408113e-182 3.2955827321531536e-182
-36.328125 -4.103316097162388e-180 2.7310776953910022e-180
-36.1328125 -3.456277989308561e-178 -4.9130708406610864e-178
-35.9375 5.6568067898075815e-176 -4.201858797566155e-176
-35.7421875 4.907866916979214e-174 6.262870998681592e-174
-35.546875 -6.667166945438027e-172 5.508279571211548e-172
-35.3515625 -5.9409840552518915e-170 -6.824252760739055e-170
-35.15625 6.7157260683594705e-168 -6.158319316599478e-168
-34.9609375 6.135714752925048e-166 6.35376130630332e-166
-34.765625 -5.778861964963041e-164 5.8762616133332465e-164
-34.5703125 -5.410041151396882e-162 -5.052401543832431e-162
-34.375 4.245852381331948e-160 -4.7884064859122345e-160
-34.1796875 4.074715950095803e-158 3.4293128451218346e-158
-33.984375 -2.6618523358054725e-156 3.3338198340365774e-156
-33.7890625 -2.6226834555167244e-154 -1.985409123764109e-154
-33.59375 1.4228337224465847e-152 -1.983934149496625e-152
-33.3984375 1.4431227171499477e-150 9.795770837403427e-151
-33.203125 -6.47795398724199e-149 1.0094607255901103e-148
-33.0078125 -6.790471300329579e-147 -4.1141211923026307e-147
-32.8125 2.508825517706826e-145 -4.3928633282915706e-145
-32.6171875 2.733031216777151e-143 1.468651975997067e-143
-32.421875 -8.251011036656397e-142 1.635315114702103e-141
-32.2265625 -9.41083521547075e-140 -4.447339448025657e-140
-32.03125 2.2989984468769717e-138 -5.208753358897746e-138
-31.8359375 2.7728513129067236e-136 1.139283945258321e-136
-31.640625 -5.409417422799271e-135 1.4197571409535809e-134
-31.4453125 -6.992026706660808e-133 -2.4593123385510167e-133
-31.25 1.0697295210024465e-131 -3.3120725714745617e-131
-31.0546875 1.509072049979232e-129 4.447271090111358e-130
-30.859375 -1.764860848593063e-128 6.613609208889224e-128
-30.6640625 -2.7879824372633525e-126 -6.674000012252543e-127
-30.46875 2.3995168434022325e-125 -1.130494657428567e-124
-30.2734375 4.409379908168119e-123 8.175809748566461e-124
-30.078125 -2.627711881188393e-122 1.654322349502248e-121
-29.8828125 -5.9703393634858385e-120 -7.909318928098136e-121
-29.6875 2.203060244627195e-119 -2.072604251551379e-118
-29.4921875 6.921082841980484e-117 5.554518553170893e-118
-29.296875 -1.2077055352936554e-116 2.223173785183466e-115
-29.1015625 -6.869347563707625e-114 -1.9553298711227033e-115
-28.90625 5.397595380300945e-115 -2.0417421803409915e-112
-28.7109375 5.837540091860651e-111 -1.352779580801053e-112
-28.515625 7.870356426294772e-111 1.6054702531212716e-109
-28.3203125 -4.2473448276742185e-108 3.182789105493453e-109
-28.125 -1.09114452105314e-107 -1.080873130511947e-106
-27.9296875 2.6458945817137686e-105 -3.3629469675128773e-106
-27.734375 9.558721842592092e-105 6.230304071988544e-104
-27.5390625 -1.4111809387987674e-102 2.539488968147597e-103
-27.34375 -6.356281822045903e-102 -3.0746122425721924e-101
-27.1484375 6.443609220051919e-100 -1.5065247173016055e-100
-26.953125 3.3928457335365182e-99 1.2989600035571383e-98
-26.7578125 -2.5187565170292715e-97 7.27832036215324e-98
-26.5625 -1.4899125037119625e-96 -4.697815599647926e-96
-26.3671875 8.42791554041489e-95 -2.9143779579240197e-95
-26.171875 5.453141274649159e-94 1.454298276565242e-93
-25.9765625 -2.4137344544748565e-92 9.768504629363844e-93
-25.78125 -1.676409219970822e-91 -3.8531947710172687e-91
-25.5859375 5.916207556833404e-90 -2.7576643827408385e-90
-25.390625 4.350349268015324e-89 8.736689443916314e-89
-25.1953125 -1.2408178049793689e-87 6.583734159992112e-88
-25.0 -9.560531651327612e-87 -1.6949337913857603e-86
-24.8046875 2.2268928163688424e-85 -1.3330800460857582e-85
-24.609375 1.785013073798802e-84 2.8123384613761625e-84
-24.4140625 -3.416035527071413e-83 2.2908988214668294e-83
-24.21875 -2.830123193508338e-82 -4.001612482019755e-82
-24.0234375 4.481883809693013e-81 -3.383243478666343e-81
-23.828125 3.794789462542128e-80 4.787924464286736e-80
-23.6328125 -5.165450504196683e-79 4.078600732044866e-79
-23.4375 -4.8151821432963e-78 -5.1795148227759335e-78
-23.2421875 3.7900800576699254e-77 -4.471264065731836e-77
-23.046875 2.0751780264911737e-76 5.254838484500883e-76
-22.8515625 -8.0744311396903415e-75 7.443087380847027e-75
-22.65625 -9.444356611813559e-74 6.468445476352073e-74
-22.4609375 -1.531565002728955e-73 2.0014325387812335e-72
-22.265625 1.0324579752271756e-71 4.827476479366447e-71
-22.0703125 4.232508906891043e-70 7.976356146925385e-70
-21.875 1.232448782413467e-68 1.0531460840250973e-68
-21.6796875 2.7294479138843262e-67 1.0031698970426986e-67
-21.484375 4.955303401022081e-66 4.376863921942405e-68
-21.2890625 7.639213696297157e-65 -2.7116993574469483e-65
-21.09375 9.862552844195109e-64 -8.16069249740466e-64
-20.8984375 9.843149920215958e-63 -1.677849320060855e-62
-20.703125 5.128026844804944e-62 -2.7976302408154622e-61
-20.5078125 -6.698451132100125e-61 -3.947201592378773e-60
-20.3125 -2.68329640251668e-59 -4.714758867097068e-59
-20.1171875 -5.392791972050534e-58 -4.580013945937005e-58
-19.921875 -8.329229851995817e-57 -3.085384462190917e-57
-19.7265625 -1.0733510167453657e-55 -5.837366790172786e-58
-19.53125 -1.1754418138210254e-54 4.209338097776703e-55
-19.3359375 -1.075305937685769e-53 8.932828903879123e-54
-19.140625 -7.594201882076031e-53 1.3012432435245457e-52
-18.9453125 -2.7823135298161186e-52 1.538044590724168e-51
-18.75 2.6460390942284812e-51 1.538205903723955e-50
-18.5546875 7.450203339859734e-50 1.3021962754275768e-49
-18.359375 1.0600515431371735e-48 8.961481746498403e-49
-18.1640625 1.1602291957948617e-47 4.26792227140857e-48
-17.96875 1.0597841152589901e-46 3.3606975286791274e-49
-17.7734375 8.226504887502016e-46 -2.967036334560344e-46
-17.578125 5.333067710009435e-45 -4.450790340554487e-45
-17.3828125 2.6665643216889047e-44 -4.59297170066479e-44
-17.1875 6.870440904874249e-44 -3.847731201368678e-43
-16.9921875 -4.755969451434747e-43 -2.7277181938038473e-42
-16.796875 -9.413206435377306e-42 -1.636680414812829e-41
-16.6015625 -9.482153287190882e-41 -7.979235946048076e-41
-16.40625 -7.354462005915277e-40 -2.6864305417300858e-40
-16.2109375 -4.761703055088886e-39 -4.300745478747091e-42
-16.015625 -2.6199836412722755e-38 9.516643515202737e-39
-15.8203125 -1.2036209684068427e-37 1.009139365316502e-37
-15.625 -4.260734707264368e-37 7.377300491099626e-37
-15.4296875 -7.719021709430697e-37 4.3803582259977324e-36
-15.234375 3.889354430280074e-36 2.201170211283374e-35
-15.0390625 5.412145403609425e-35 9.360946221908115e-35
-14.84375 3.859708873391416e-34 3.2330230757992114e-34
-14.6484375 2.1214211676461054e-33 7.694619682956594e-34
-14.453125 9.735906183361913e-33 -1.3286745458758707e-35
-14.2578125 3.7970880940149656e-32 -1.3889831421600083e-32
-14.0625 1.2361466346850798e-31 -1.0411927820097602e-31
-13.8671875 3.0979856097394373e-31 -5.392244793877243e-31
-13.671875 3.945818902833155e-31 -2.269256719438384e-30
-13.4765625 -1.447150154513866e-30 -8.083079500499658e-30
-13.28125 -1.4160018156860876e-29 -2.4363744372582736e-29
-13.0859375 -7.149402057776148e-29 -5.961043367928112e-29
-12.890625 -2.7846572957722503e-28 -1.0028844069000643e-28
-12.6953125 -9.058569258734063e-28 3.290663373815198e-30
-12.5 -2.5042150231177618e-27 9.224920672514137e-28
-12.3046875 -5.777205044737718e-27 4.8885175502713164e-27
-12.109375 -1.0250300669209269e-26 1.79353626205006e-26
-11.9140625 -9.177129898678943e-27 5.349666760501016e-26
-11.71875 2.4499080753588225e-26 1.350731888940617e-25
-11.5234375 1.6858583092245924e-25 2.885603639786324e-25
-11.328125 6.026329270190676e-25 5.00151468812836e-25
-11.1328125 1.6633586996819257e-24 5.947930871095074e-25
-10.9375 3.83541701474315e-24 -2.2634922052577302e-26
-10.7421875 7.515576840598129e-24 -2.787938316586838e-24
-10.546875 1.2286683818184019e-23 -1.0444588098497418e-23
-10.3515625 1.543332010345284e-23 -2.7146999555265676e-23
-10.15625 9.71140833703351e-24 -5.739088752575925e-23
-9.9609375 -1.8870070006787627e-23 -1.0271579330367363e-22
-9.765625 -9.133470949957841e-23 -1.5552853172092967e-22
-9.5703125 -2.3115390981552933e-22 -1.9097355909041446e-22
-9.375 -4.521367072433558e-22 -1.6055027976420545e-22
-9.1796875 -7.389950281790841e-22 5.969527867633837e-24
-8.984375 -1.0264587526890078e-21 3.832511068914867e-22
-8.7890625 -1.1892413845173352e-21 1.0151561751821893e-21
-8.59375 -1.0577699967879207e-21 1.8691724383099187e-21
-8.3984375 -4.683821313104089e-22 2.800454811820963e-21
-8.203125 6.596709147185553e-22 3.552055226636672e-21
-8.0078125 2.248519462543044e-21 3.810493874840699e-21
-7.8125 4.02772702818835e-21 3.3115033094478235e-21
-7.6171875 5.576766184621081e-21 1.9592250761065574e-21
-7.421875 6.449869384331873e-21 -9.193725870397915e-23
-7.2265625 6.33084064451137e-21 -2.4304128836875752e-21
-7.03125 5.121436530149018e-21 -4.5044284181905164e-21
-6.8359375 3.0029897685846254e-21 -5.9047126280116394e-21
-6.640625 6.590014602851723e-22 -6.4797872175886e-21
-6.4453125 -9.609311124755726e-22 -5.689732228101554e-21
-6.25 -2.5442628948609254e-21 -2.73627020822697e-21
-6.0546875 -6.298228042659422e-21 -4.605364713619702e-22
-5.859375 -7.167100369203603e-21 -4.946187597779325e-21
-5.6640625 6.999114092898408e-21 -6.6667596080415735e-21
-5.46875 1.695292711759935e-20 1.9905666858651916e-20
-5.2734375 -2.9870031527179096e-20 3.9971155942493514e-20
-5.078125 -7.317767565955014e-20 -4.7502401285484496e-20
-4.8828125 7.497403068004435e-20 -1.3987607232651769e-19
-4.6875 2.491811657354092e-19 1.0123158551014482e-19
-4.4921875 -1.3379378361940903e-19 4.2141445020577917e-19
-4.296875 -6.984295753961481e-19 -1.4896807198328078e-19
-4.1015625 1.0769381338277479e-19 -1.0877927908668246e-18
-3.90625 1.5995922958298275e-18 -1.1309615354044822e-20
-3.7109375 2.604759269965633e-19 2.2332914016774694e-18
-3.515625 -2.929056447234815e-18 6.647386708036753e-19
-3.3203125 -1.188926757613247e-18 -3.6509032459153644e-18
-3.125 4.4002470853484684e-18 -1.8208151355855497e-18
-2.9296875 2.5811934086612053e-18 5.1565649952654634e-18
-2.734375 -5.8568334722554254e-18 3.503060754691671e-18
-2.5390625 -4.605149901673594e-18 -6.379877830647391e-18
-2.34375 6.539356643396053e-18 -5.850838150287422e-18
-2.1484375 7.026409772224675e-18 6.121803198013389e-18
-1.953125 -5.159710322945539e-18 7.721982140842747e-18
-1.7578125 -7.592052260955658e-18 -3.981779857460973e-18
-1.5625 3.1670592945114297e-18 -6.278016875175479e-18
-1.3671875 3.366652998690275e-18 3.2596220297067984e-18
-1.171875 -4.534234725351289e-18 -3.7141461051814345e-18
-0.9765625 2.0747528360553083e-17 -8.508748042525197e-18
-0.78125 1.3082778437086284e-17 6.251676163019146e-17
-0.5859375 -1.6736311562867208e-16 1.5915703401043202e-17
-0.390625 1.3378881456151742e-18 -4.077252151341959e-16
-0.1953125 9.50498986623534e-16 9.91394599016784e-17
0.0 -4.185670335392898e-16 2.096377359736616e-15
0.1953125 -4.404288139451761e-15 -1.3442845292048933e-15
0.390625 3.645126266165844e-15 -8.831327610110926e-15
0.5859375 1.6812418140637557e-14 8.945620518165236e-15
0.78125 -2.0236308166387286e-14 3.0505810680720423e-14
0.9765625 -5.249364193217674e-14 -4.265540920538286e-14
1.171875 8.463366133120103e-14 -8.563422269427354e-14
1.3671875 1.3201134584558522e-13 1.58428782137541e-13
1.5625 -2.810680820694624e-13 1.9131971760173952e-13
1.7578125 -2.5915168854657646e-13 -4.733689793575163e-13
1.953125 7.580085784790416e-13 -3.2406272496810184e-13
2.1484375 3.6653065674495373e-13 1.1555950740265044e-12
2.34375 -1.6781548467296454e-12 3.582265323208796e-13
2.5390625 -2.646299092377239e-13 -2.3230066100313024e-12
2.734375 3.065902712046957e-12 -5.0874409361890985e-14
2.9296875 -3.104110319709347e-13 3.8584838073890256e-12
3.125 -4.6302731238031185e-12 -8.288258620084656e-13
3.3203125 1.488661892036263e-12 -5.29677423162991e-12
3.515625 5.773635055699234e-12 2.244957363093977e-12
3.7109375 -3.0266772358106878e-12 5.992625147789061e-12
3.90625 -5.916852717787769e-12 -3.747183571601035e-12
4.1015625 4.319660053925868e-12 -5.5497071455864334e-12
4.296875 4.935258641504625e-12 4.674416646911193e-12
4.4921875 -4.772691583315935e-12 4.149632909737024e-12
4.6875 -3.2855181464518726e-12 -4.613613462376518e-12
4.8828125 4.232410060356566e-12 -2.4343919769058456e-12
5.078125 1.6709258657604227e-12 3.690864048982146e-12
5.2734375 -3.0632320169741687e-12 1.0432722742645306e-12
5.46875 -5.705913950643389e-13 -2.421633222418004e-12
5.6640625 1.8245746269093728e-12 -2.4698171940974283e-13
5.859375 4.9423237105541306e-14 1.3106667396308448e-12
6.0546875 -8.977792022640328e-13 -5.317915711254675e-14
6.25 9.223822342811563e-14 -5.863877851589677e-13
6.4453125 3.651331844278456e-13 9.435329720793644e-14
6.640625 -7.902443072050371e-14 2.16668773631291e-13
6.8359375 -1.2244699062177193e-13 -5.863412000963238e-14
7.03125 3.9777193515172584e-14 -6.584325348253389e-14
7.2265625 3.3645585894561476e-14 2.5066236164138232e-14
7.421875 -1.4806302839547436e-14 1.630857003929213e-14
7.6171875 -7.479347188504308e-15 -8.244304488694936e-15
7.8125 4.343366419526645e-15 -3.233359206394831e-15
8.0078125 1.3101927262665205e-15 2.1705680432071973e-15
8.203125 -1.030804924111416e-15 4.931380168246919e-16
8.3984375 -1.6969190029288128e-16 -4.65792763762124e-16
8.59375 2.0045503784417566e-16 -5.17204057219164e-17
8.7890625 1.2900291112657833e-17 8.220917518465214e-17
8.984375 -3.2142012283691626e-17 1.8918994909628493e-18
9.1796875 4.563205300017549e-19 -1.198274022208234e-17
9.375 4.259539617460934e-18 5.780475062539199e-19
9.5703125 -3.4023187196455994e-19 1.4434775464196616e-18
9.765625 -4.663608581754315e-19 -1.5817272499856401e-19
9.9609375 6.404432041589734e-20 -1.441739329468644e-19
10.15625 4.385139580288744e-20 2.3818537766714915e-20
10.3515625 -1.0648652397240991e-20 1.4616911684751646e-20
10.546875 -3.700165530901486e-21 -1.1842196674243246e-20
10.7421875 1.9574014911448395e-20 1.4763200860292806e-20
10.9375 -6.33592531947855e-20 1.089928510833615e-20
11.1328125 8.311459072857129e-20 -1.4305129884232352e-19
11.328125 1.4414875116667776e-19 3.838118895787351e-19
11.5234375 -9.273560011303305e-19 -3.101160947488149e-19
11.71875 1.893092479590317e-18 -1.2059001498407355e-18
11.9140625 -5.607533845244452e-19 4.927021713237004e-18
12.109375 -7.394152984346206e-18 -7.517865986499327e-18
12.3046875 2.1482101042425924e-17 -2.0855213112153322e-18
12.5 -2.342872760132013e-17 3.5485959973253324e-17
12.6953125 -2.4366718581487787e-17 -7.687102441021611e-17
12.890625 1.3706396328860833e-16 5.368933629360224e-17
13.0859375 -2.248299000019349e-16 1.2788103564321401e-16
13.28125 7.105629629038425e-17 -4.316645706887451e-16
13.4765625 4.735519067374268e-16 5.319898152926194e-16
13.671875 -1.1148968303282736e-15 5.248995012286785e-17
13.8671875 9.963260450221797e-16 -1.3571824922046653e-15
14.0625 6.219371672087166e-16 2.3641797404542692e-15
14.2578125 -3.1154764075626266e-15 -1.4027488850736271e-15
14.453125 4.103529527873681e-15 -2.0712092400966675e-15
14.6484375 -1.2575694292763926e-15 5.818166425140697e-15
14.84375 -4.651850392181351e-15 -5.7805704561163146e-15
15.0390625 8.902761231860902e-15 2.3840966879015066e-17
15.234375 -6.489204336420951e-15 7.97589933436301e-15
15.4296875 -2.355108412492605e-15 -1.1185736022826227e-14
15.625 1.0890529100198341e-14 5.5702558466026844e-15
15.8203125 -1.1516715740648634e-14 5.11141353960618e-15
16.015625 3.24301487247219e-15 -1.2064723918628402e-14
16.2109375 7.004250887555756e-15 9.649011002643479e-15
16.40625 -1.0938469915406936e-14 -5.737192147507901e-16
16.6015625 6.478811903442738e-15 -7.200296118971664e-15
16.796875 1.2955391465623107e-15 8.142218984518594e-15
16.9921875 -5.853745660273707e-15 -3.3711751935325666e-15
17.1875 4.9708383239532775e-15 -1.9164837155473374e-15
17.3828125 -1.2426850930377665e-15 3.848688271414153e-15
17.578125 -1.6150780988093854e-15 -2.4749681294556402e-15
17.7734375 2.0678893087523655e-15 2.1192128247561098e-16
17.96875 -9.922261037395634e-16 9.98139394820521e-16
18.1640625 -9.892934313794227e-17 -9.118755678626083e-16
18.359375 4.837307259761816e-16 3.115833599382903e-16
18.5546875 -3.299989391438002e-16 1.0872125851893696e-16
18.75 7.152766901763778e-17 -1.8885903162350656e-16
18.9453125 5.69684124671773e-17 9.757532052506068e-17
19.140625 -6.014901534130428e-17 -9.204430706871455e-18
19.3359375 2.332265439515561e-17 -2.123780919728154e-17
19.53125 9.177906237315174e-19 1.5712943203251428e-17
19.7265625 -6.144249579644284e-18 -4.404624917878404e-18
19.921875 3.3699271284223206e-18 -9.273463464495979e-19
20.1171875 -6.22537071400187e-19 1.4254444442301883e-18
20.3125 -3.0693733191944987e-19 -5.914055646092949e-19
20.5078125 2.6918223126963095e-19 5.500686765479805e-20
20.703125 -8.417717717954886e-20 6.932199258059282e-20
20.8984375 -3.5910927535135732e-22 -4.16598451615273e-20
21.09375 1.1992860058384355e-20 9.534270498492397e-21
21.2890625 -5.294059781502581e-21 1.17725534367513e-21
21.484375 8.228530911191498e-22 -1.654624535372596e-21
21.6796875 2.5211324252047083e-22 5.511665385790547e-22
21.875 -1.8533658624664701e-22 -4.7580262304926957e-23
22.0703125 4.6668357781228053e-23 -3.4688488828932353e-23
22.265625 -6.989520716501687e-25 1.699493475155617e-23
22.4609375 -3.5961533851463825e-24 -3.1630257108502828e-24
22.65625 1.2795162423008366e-24 -2.1843759764494974e-25
22.8515625 -1.6567247504755741e-25 2.9534142546263665e-25
23.046875 -3.148562297535029e-26 -7.89945273638396e-26
23.2421875 1.963120046155808e-26 6.0945962537613494e-27
23.4375 -3.975555893858209e-27 2.6588292710987515e-27
23.6328125 9.715743227883087e-29 -1.0667468086625855e-27
23.828125 1.6560086650113762e-28 1.6094122277443672e-28
24.0234375 -4.757877307707761e-29 5.706369148589926e-30
24.21875 5.0920034165531675e-30 -8.10499075049232e-30
24.4140625 5.955898378765831e-31 1.7413340369794205e-30
24.609375 -3.198679336569362e-31 -1.1703070869280942e-31
24.8046875 5.205155336708443e-32 -3.118358659806622e-32
25.0 -1.4576200259278307e-33 1.0302345531982766e-32
25.1953125 -1.170608786199774e-33 -1.2567054199905799e-33
25.390625 2.7221186322807647e-34 -1.8987891982068824e-35
25.5859375 -2.3929595820745506e-35 3.4189898225346384e-35
25.78125 -1.6968033658723027e-36 -5.9045013739456964e-36
25.9765625 8.016641626934648e-37 3.3938049554553954e-37
26.171875 -1.0476723901339055e-37 5.588512877331179e-38
26.3671875 2.9485101804807894e-39 -1.530846016829866e-38
26.5625 1.2695810572634128e-39 1.506640158542927e-39
26.7578125 -2.396289597223872e-40 4.771104873143339e-42
26.953125 1.721631514147442e-41 -2.216422005055667e-41
27.1484375 7.213062979057461e-43 3.079991835116433e-42
27.34375 -3.089842128957568e-43 -1.4939219153431276e-43
27.5390625 3.2429505079505087e-44 -1.5262829283625837e-44
27.734375 -8.59954405283512e-46 3.4985584830418175e-45
27.9296875 -2.103394999712327e-46 -2.778576579385664e-46
28.125 3.240192511867149e-47 1.1665682863618183e-48
28.3203125 -1.9212470328821264e-48 2.167942815825931e-48
28.515625 -3.5476939593905094e-50 -2.4487133762475755e-49
28.7109375 1.6600226821613534e-50 1.1102183237375736e-50
28.90625 -1.4632925091746007e-51 2.3842566073620162e-52
29.1015625 8.070041233800061e-53 -5.934944053379302e-53
29.296875 -8.693053645985931e-54 5.516510515969384e-54
29.4921875 1.3557368326716433e-54 -1.5588515744496268e-54
29.6875 -2.481215071444674e-56 3.940087306676154e-55
29.8828125 -4.352398561179709e-56 -5.259268319014733e-56
30.078125 1.09840901144867e-56 1.0488792211123313e-57
30.2734375 -1.2982778314576325e-57 1.0899381461502078e-57
30.46875 1.902788116959214e-59 -2.4860134178885763e-58
30.6640625 2.3212076054534136e-59 2.648687125481627e-59
30.859375 -4.776151185212938e-60 -2.688124561297808e-61
31.0546875 4.628014809877941e-61 -4.2024209992556586e-61
31.25 -3.296950023483688e-63 7.853995660502997e-62
31.4453125 -6.466369562865342e-63 -6.976590907673663e-63
31.640625 1.1069756232805029e-63 4.038905202941534e-65
31.8359375 -9.103960054495992e-65 8.437581964311177e-65
32.03125 5.7434823134154706e-67 -1.3372136830795494e-65
32.2265625 9.297464377518985e-67 1.0316420921328198e-66
32.421875 -1.3837294035116538e-67 -9.08730998770917e-69
32.6171875 1.0186804381467712e-68 -8.591849213330679e-69
32.8125 -1.3567337396236257e-70 1.225369990083154e-69
33.0078125 -6.578867642027492e-71 -8.796359992936056e-71
33.203125 9.271326540041488e-72 1.7329639539980837e-72
33.3984375 -6.664040043809026e-73 4.079006804406256e-73
33.59375 1.8390305843255612e-74 -5.97739805330125e-74
33.7890625 1.9438207917808205e-75 4.440143793496543e-75
33.984375 -3.269324492469185e-76 -1.6172604873075307e-76
34.1796875 2.604785771138747e-77 -6.031364915396276e-78
34.375 -1.1840791554340106e-78 1.505666826683904e-78
34.5703125 -4.797291577557088e-82 -1.3448570172613193e-79
34.765625 5.761297568785716e-81 7.258432450007113e-81
34.9609375 -6.099198977551592e-82 -1.4318534306759798e-82
35.15625 3.743993971063358e-83 -1.784005334418388e-83
35.3515625 -1.1467052153336193e-84 2.422310315270909e-84
35.546875 -4.200625081128735e-86 -1.6316214524443842e-85
35.7421875 8.3934171779757e-87 5.920903512602438e-87
35.9375 -6.026792822084145e-88 6.040012317379621e-89
36.1328125 2.3448003210256425e-89 -2.5277124336627103e-89
36.328125 -3.252081595236517e-92 1.891572968260062e-90
36.5234375 -6.59196781306823e-92 -7.515714307967957e-92
36.71875 5.054499838165936e-93 5.485284417619411e-94
36.9140625 -1.9965244247200222e-94 1.4838657283326146e-94
37.109375 2.102853495680292e-96 -1.1516304931707795e-95
37.3046875 2.875133852612982e-97 4.450650280886606e-97
37.5 -2.239979391149963e-98 -5.493078750323272e-99
37.6953125 8.386262605845368e-100 -4.78385934812515e-100
37.890625 -1.118059476626487e-101 3.722826713196256e-101
38.0859375 -6.821342696266975e-103 -1.3417679343925279e-102
38.28125 5.290685554793639e-104 1.8547556624879068e-104
38.4765625 -1.82825825345746e-105 8.320270835405126e-106
38.671875 2.559241661553171e-107 -6.432843394781696e-107
38.8671875 8.66604174954125e-109 2.1257826694794494e-108
39.0625 -6.694701825867757e-110 -2.96894001947613e-110
39.2578125 2.1121430698788757e-111 -7.693641942295527e-112
39.453125 -2.913844320048076e-113 5.965367350115851e-113
39.6484375 -5.810083220863e-115 -1.7950421048512597e-114
39.84375 4.5522416145899607e-116 2.428770228487667e-116
40.0390625 -1.3057943289846758e-117 3.7229356914781675e-118
40.234375 1.723675426604339e-119 -2.9755754086117154e-119
40.4296875 2.017501529213819e-121 8.13469051616724e-121
40.625 -1.666195102763255e-122 -1.0433100745259205e-122
40.8203125 4.341410419607276e-124 -9.203670765431229e-125
41.015625 -5.392338746984033e-126 7.993226725071689e-126
41.2109375 -3.509993976924938e-128 -1.9854494925997423e-127
41.40625 3.285303973129866e-129 2.381873179160805e-129
41.6015625 -7.782314330401753e-131 1.106416164796757e-131
41.796875 8.997304664669626e-133 -1.1568787911310481e-132
41.9921875 2.823779244777737e-135 2.6148202808485455e-134
42.1875 -3.490184507514131e-136 -2.907812750499645e-136
42.3828125 7.531869182557508e-138 -5.582571370763959e-139
42.578125 -8.043437928777072e-140 9.020595652492058e-140
42.7734375 -7.523228918857471e-143 -1.860047277123418e-141
42.96875 1.9971732183465507e-143 1.9048716862278197e-143
43.1640625 -3.93848106483485e-145 2.708827565799011e-147
43.359375 3.863148030893164e-147 -3.7874486957615856e-147
43.5546875 -1.9072306454489745e-150 7.150450878761192e-149
43.75 -6.151403647681043e-151 -6.710472524946134e-151
43.9453125 1.113137872647515e-152 6.710803665623677e-154
44.140625 -9.985538034478645e-155 8.55524371862299e-155
44.3359375 1.3973852511993488e-157 -1.4858745133703452e-156
44.53125 1.0186914785442852e-158 1.2730813892778083e-158
44.7265625 -1.700733828824714e-160 -2.1773343258449664e-161
44.921875 1.3907781942170914e-162 -1.0382717094937244e-162
45.1171875 -2.709217996917475e-165 1.6692159367387162e-164
45.3125 -9.055865269810423e-167 -1.3020319067580894e-166
45.5078125 1.4047749454748311e-168 2.766885957733581e-169
45.703125 -1.0446804733082692e-170 6.756950228352738e-171
45.8984375 2.3530444882523892e-173 -1.0137456787236498e-172
46.09375 4.312232255138685e-175 7.184166133496249e-175
46.2890625 -6.2718328406405995e-177 -1.6792788690665557e-177
46.484375 4.235282173791372e-179 -2.350632200314501e-179
46.6796875 -1.0128279734739753e-181 3.32980361305894e-181
46.875 -1.0986553753508714e-183 -2.138309804144488e-183
47.0703125 1.5095334496842076e-185 5.159284975184148e-186
47.265625 -9.31002048798635e-188 4.316379649311844e-188
47.4609375 2.2343670378591108e-190 -5.984799041983176e-190
47.65625 1.5405534648178454e-192 3.358830565836346e-192
47.8515625 -1.8522438647459887e-194 -8.58555763283266e-195
48.046875 1.2330154467429568e-196 -3.671751500236237e-197
48.2421875 -1.819623304027434e-199 7.188667332336221e-199
48.4375 -1.4531561143930058e-201 -1.1529835185090156e-201
48.6328125 -1.6149774565348875e-204 1.937641653183757e-203
48.828125 -2.7240625011769697e-205 2.0529103525999195e-206
49.0234375 -1.3700621978357484e-207 -1.5553250068874303e-207
49.21875 -3.290649879455108e-210 -1.692370209298808e-209
49.4140625 7.36923269280353e-212 -1.5327810385917306e-211
49.609375 1.3871663678758025e-213 -5.8874509709597e-214
49.8046875 1.1934490573082497e-215 3.5074656577071514e-216

