-50.0 -1.8680842677384172e-192 -5.47495923086466e-193
-49.8046875 -4.3145716997442073e-190 -2.3050076002944927e-190
-49.609375 -9.078334736429076e-188 -7.588216120130949e-188
-49.4140625 -1.708552038338756e-185 -2.1609953905900707e-185
-49.21875 -2.759892988123501e-183 -5.522702735503317e-183
-49.0234375 -3.396549189678326e-181 -1.2878292666771833e-180
-48.828125 -1.445871087667173e-179 -2.761846674448658e-178
-48.6328125 8.439056692340246e-177 -5.4630999893541715e-176
-48.4375 3.73495872898406e-174 -9.958134801117961e-174
-48.2421875 1.0535792213348442e-171 -1.664188672083787e-171
-48.046875 2.4441732696254465e-169 -2.520824403011504e-169
-47.8515625 4.988647936479817e-167 -3.3783815024541727e-167
-47.65625 9.205273853252162e-165 -3.780675023194746e-165
-47.4609375 1.5554064390245248e-162 -2.896886552681586e-163
-47.265625 2.420726209249388e-160 5.188339499883581e-162
-47.0703125 3.4752723167644426e-158 8.027073880869381e-159
-46.875 4.591700460905767e-156 2.1201064291042267e-156
-46.6796875 5.5445220082829164e-154 4.112032530441645e-154
-46.484375 6.028274085076718e-152 6.77553809287015e-152
-46.2890625 5.713979415472721e-150 9.944231345414015e-150
-46.09375 4.338237770696066e-148 1.3269951858679035e-147
-45.8984375 1.8023746304427067e-146 1.6259035554610508e-145
-45.703125 -1.7531590635173694e-144 1.8366998232028282e-143
-45.5078125 -5.9335062709494116e-142 1.913196525344019e-141
-45.3125 -1.0151190025559645e-139 1.830674369480661e-139
-45.1171875 -1.3755094137879745e-137 1.5942917584779293e-137
-44.921875 -1.6189118830856208e-135 1.2393298856425608e-135
-44.7265625 -1.712868315521349e-133 8.227709762213092e-134
-44.53125 -1.654992893988789e-131 4.089280975870041e-132
-44.3359375 -1.4711739996956797e-129 5.3971261646385e-131
-44.140625 -1.2063035286055394e-127 -2.0570052627896673e-128
-43.9453125 -9.112757906776952e-126 -3.5813738789509307e-126
-43.75 -6.307640191763305e-124 -4.132831067367299e-124
-43.5546875 -3.9523141502481356e-122 -3.9538746871611327e-122
-43.359375 -2.1850724973632593e-120 -3.3377912117307916e-120
-43.1640625 -1.0013205204511084e-118 -2.5508041553689766e-118
-42.96875 -3.0385662571577554e-117 -1.786182020983867e-116
-42.7734375 4.272978898442539e-116 -1.1523319534461723e-114
-42.578125 1.6972275832571636e-113 -6.857307029097268e-113
-42.3828125 1.805159286518075e-111 -3.7542346416407774e-111
-42.1875 1.4380387437854856e-109 -1.8769457241752196e-109
-41.9921875 9.78487840633521e-108 -8.435378018372979e-108
-41.796875 5.943275599889165e-106 -3.292512081550329e-106
-41.6015625 3.285582943582455e-104 -1.0175551020688538e-104
-41.40625 1.668530710560568e-102 -1.5859924727817467e-103
-41.2109375 7.813316251292449e-101 8.69257649539243e-102
-41.015625 3.373283910059776e-99 1.1042745218572365e-99
-40.8203125 1.3371873758077857e-97 7.690534232923158e-98
-40.625 4.819375578300586e-96 4.291263535968424e-96
-40.4296875 1.547051698119919e-94 2.0877128171558315e-94
-40.234375 4.218379821203903e-93 9.145599707731509e-93
-40.0390625 8.442164875695919e-92 3.6615746897891763e-91
-39.84375 2.8384038260290413e-91 1.3491765295195234e-89
-39.6484375 -8.559540217961797e-89 4.5857604361554485e-88
-39.453125 -5.90290721336754e-87 1.4356403912470707e-86
-39.2578125 -2.7894663261170177e-85 4.1155329416209013e-85
-39.0625 -1.1009006065107585e-83 1.0665824957091717e-83
-38.8671875 -3.8444160055526764e-82 2.43173136954962e-82
-38.671875 -1.2168626477508956e-80 4.558560529557293e-81
-38.4765625 -3.531383353319234e-79 5.440788723991393e-80
-38.28125 -9.443865529425358e-78 -4.9813991397081747e-79
-38.0859375 -2.3294438594092648e-76 -6.153562865795444e-77
-37.890625 -5.284271601567071e-75 -2.6433478935802707e-75
-37.6953125 -1.0937483006341385e-73 -8.654542622826394e-74
-37.5 -2.031485024367955e-72 -2.4323639809360164e-72
-37.3046875 -3.263701228681322e-71 -6.114885604338835e-71
-37.109375 -4.098590764207736e-70 -1.4005084795991905e-69
-36.9140625 -2.337676125816809e-69 -2.9479022083642634e-68
-36.71875 7.273645115379926e-68 -5.7223143446408336e-67
-36.5234375 3.530134081391e-66 -1.0239417030658228e-65
-36.328125 1.0023406783476298e-64 -1.681429709609807e-64
-36.1328125 2.304163392971725e-63 -2.507667544715636e-63
-35.9375 4.63447347477132e-62 -3.3233014548854347e-62
-35.7421875 8.406558047411655e-61 -3.719233574867605e-61
-35.546875 1.394679510605269e-59 -2.9867521028240406e-60
-35.3515625 2.1301680695122174e-58 -1.1504054628518074e-60
-35.15625 3.0012545549732484e-57 6.089023353688976e-58
-34.9609375 3.8937131819803402e-56 1.6726080045015412e-56
-34.765625 4.6224995413558226e-55 3.2396927059593185e-55
-34.5703125 4.954099424243324e-54 5.276112591955223e-54
-34.375 4.6562929592022365e-53 7.62253640385571e-53
-34.1796875 3.566691198810897e-52 9.993819650886673e-52
-33.984375 1.659966596221423e-51 1.2019928943389985e-50
-33.7890625 -9.119473872154434e-51 1.3324842743392422e-49
-33.59375 -3.827625456553732e-49 1.3623349412175419e-48
-33.3984375 -6.657466757649904e-48 1.2804501773230894e-47
-33.203125 -8.963723433439567e-47 1.0971272173465976e-46
-33.0078125 -1.0408017886921966e-45 8.419976216879714e-46
-32.8125 -1.0830810576032531e-44 5.564945830804622e-45
-32.6171875 -1.0277568027227684e-43 2.8340668488772807e-44
-32.421875 -8.966680101380147e-43 5.701470605975054e-44
-32.2265625 -7.215172311450595e-42 -1.0319875143325367e-42
-32.03125 -5.350881720242465e-41 -1.938882768844358e-41
-31.8359375 -3.6397188415609756e-40 -2.247582931560544e-40
-31.640625 -2.2459490436229353e-39 -2.1293938055573983e-39
-31.4453125 -1.2284812174906076e-38 -1.7709889370474041e-38
-31.25 -5.638438563760541e-38 -1.330282457420367e-37
-31.0546875 -1.809521008499774e-37 -9.145690028613816e-37
-30.859375 5.925960086805505e-38 -5.790277310710642e-36
-30.6640625 7.413069666088098e-36 -3.3816630667109694e-35
-30.46875 8.148675425352883e-35 -1.818038421381152e-34
-30.2734375 6.474566664765765e-34 -8.93749720581128e-34
-30.078125 4.352379758806849e-33 -3.960544938514091e-33
-29.8828125 2.601773106617967e-32 -1.533983786881229e-32
-29.6875 1.4130200847544006e-31 -4.7952284945052454e-32
-29.4921875 7.043642634880342e-31 -8.607443711721872e-32
-29.296875 3.236788303385207e-30 2.7242568929966937e-31
-29.1015625 1.3716634452130468e-29 4.086255520477839e-30
-28.90625 5.341361086373044e-29 2.884105569759691e-29
-28.7109375 1.894375686212162e-28 1.5977693688631573e-28
-28.515625 6.006012697418264e-28 7.666169309318793e-28
-28.3203125 1.6321103704835708e-27 3.30252380349944e-27
-28.125 3.3630046571164605e-27 1.298456208405514e-26
-27.9296875 2.2492689813675105e-27 4.695590914090018e-26
-27.734375 -2.4906686047141167e-26 1.5662458546646129e-25
-27.5390625 -1.8299654326109202e-25 4.813953974577034e-25
-27.34375 -8.671175439878053e-25 1.356303465131691e-24
-27.1484375 -3.387045037562884e-24 3.462380479285889e-24
-26.953125 -1.1649857340264825e-23 7.814244495029377e-24
-26.7578125 -3.62402212535342e-23 1.4696477299663277e-23
-26.5625 -1.0325112256912467e-22 1.8756325053158285e-23
-26.3671875 -2.7097251928724095e-22 -7.011197257634674e-24
-26.171875 -6.559838351837705e-22 -1.5458730714466426e-22
-25.9765625 -1.4613735066338772e-21 -6.826395403730468e-22
-25.78125 -2.9746758059224612e-21 -2.2266688596877594e-21
-25.5859375 -5.449508501434541e-21 -6.180049954800167e-21
-25.390625 -8.694329665039147e-21 -1.5287723768078128e-20
-25.1953125 -1.1075684962863259e-20 -3.4394843493371875e-20
-25.0 -7.558239300251766e-21 -7.106103760852392e-20
-24.8046875 1.3527379126753897e-20 -1.353649262594125e-19
-24.609375 7.489692556677787e-20 -2.377618737440908e-19
-24.4140625 2.149262108165757e-19 -3.8357530430649552e-19
-24.21875 4.901520887349788e-19 -5.630411029371587e-19
-24.0234375 9.71994960605782e-19 -7.372741591077575e-19
-23.828125 1.7335861305869621e-18 -8.23272424614306e-19
-23.6328125 2.8242135698421538e-18 -6.845411816290772e-19
-23.4375 4.2333969339289064e-18 -1.3649252288475992e-19
-23.2421875 5.8534360808849525e-18 1.0248936100180562e-18
-23.046875 7.455960124827267e-18 2.9685150406242848e-18
-22.8515625 8.700473921114077e-18 5.755999969166527e-18
-22.65625 9.187312087621319e-18 9.272896139904588e-18
-22.4609375 8.552829655436923e-18 1.3192223396626337e-17
-22.265625 6.585093536784516e-18 1.699654932821905e-17
-22.0703125 3.3223304407553536e-18 2.0068272333115075e-17
-21.875 -9.066073172506606e-19 2.1831896649699155e-17
-21.6796875 -5.5255293602145e-18 2.1907380319538767e-17
-21.484375 -9.834434784093633e-18 2.0222583506130365e-17
-21.2890625 -1.3178058617676352e-17 1.70429304398982e-17
-21.09375 -1.5104801706481928e-17 1.290516482945543e-17
-20.8984375 -1.5464016165895506e-17 8.477415007877244e-18
-20.703125 -1.4413442966315818e-17 4.393869518076385e-18
-20.5078125 -1.2342552365444587e-17 1.1179423560000224e-18
-20.3125 -9.74624559118016e-18 -1.1281208498510377e-18
-20.1171875 -7.095234194939776e-18 -2.3576081004323983e-18
-19.921875 -4.74194373342639e-18 -2.7553061523845196e-18
-19.7265625 -2.880539914705292e-18 -2.5879054277054116e-18
-19.53125 -1.5574963464792066e-18 -2.121439266783115e-18
-19.3359375 -7.141842016872676e-19 -1.5666322756638426e-18
-19.140625 -2.3898117188734527e-19 -1.0575916452529739e-18
-18.9453125 -1.150172018313793e-20 -6.570584512652938e-19
-18.75 6.914945279248964e-20 -3.7556818163440984e-19
-18.5546875 7.174198364399729e-20 -1.909603703279173e-19
-18.359375 3.254204001113764e-20 -5.36252379501717e-20
-18.1640625 -2.5404137132993376e-20 1.4542468363002455e-19
-17.96875 1.665517690915437e-21 6.871466128720941e-19
-17.7734375 6.692777727403761e-19 2.2880270752484483e-18
-17.578125 4.273194497476242e-18 6.570343709056611e-18
-17.3828125 1.9060937576686647e-17 1.6398913355266477e-17
-17.1875 7.235604274972867e-17 3.272874668605526e-17
-16.9921875 2.462786289931996e-16 2.830394013706232e-17
-16.796875 7.432023379070297e-16 -1.857504347660223e-16
-16.6015625 1.8523345017416264e-15 -1.4613421901227507e-15
-16.40625 3.02036011034218e-15 -6.704516101237442e-15
-16.2109375 -1.838285734086619e-15 -2.33199124456499e-14
-16.015625 -3.971104185748152e-14 -6.309395051738553e-14
-15.8203125 -1.9378509799263124e-13 -1.2209343252194183e-13
-15.625 -6.504005048298473e-13 -9.02756007183616e-14
-15.4296875 -1.6665608423081398e-12 5.117399646168135e-13
-15.234375 -3.1526769368150174e-12 3.1059727369718346e-12
-15.0390625 -3.210230157664622e-12 1.0965414031484182e-11
-14.84375 5.272285049559248e-12 2.9904924041137935e-11
-14.6484375 4.008221619802679e-11 6.65829671907701e-11
-14.453125 1.335751563648429e-10 1.191489449379771e-10
-14.2578125 3.2163849796326717e-10 1.5183549022809773e-10
-14.0625 5.865000730929388e-10 4.7886724286883056e-11
-13.8671875 7.03466886857778e-10 -4.4526951141891475e-10
-13.671875 -3.463399089859246e-11 -1.7146154419660642e-09
-13.4765625 -3.041359263553734e-09 -4.054586901421842e-09
-13.28125 -9.796375310274165e-09 -6.87061588971992e-09
-13.0859375 -1.8308022710046902e-08 -7.014142487974523e-09
-12.890625 -1.3927250112335486e-08 2.4404113557733235e-09
-12.6953125 4.40944005231289e-08 2.6304814797715374e-08
-12.5 2.2249087837209126e-07 4.096835699545164e-08
-12.3046875 5.544872822445646e-07 -5.4831574505748524e-08
-12.109375 8.707182995596094e-07 -4.5432830632210843e-07
-11.9140625 5.712945267936255e-07 -1.2668493402028158e-06
-11.71875 -1.3567244187080153e-06 -2.0175643554584874e-06
-11.5234375 -5.558508089611214e-06 -1.0886277589027617e-06
-11.328125 -1.0612443713619076e-05 3.8945158047841694e-06
-11.1328125 -1.1609396290466148e-05 1.353354936702927e-05
-10.9375 -1.7418987626938762e-06 2.2512204648672395e-05
-10.7421875 2.1088528695463238e-05 1.7905234207934722e-05
-10.546875 4.5551050460325464e-05 -1.4159900161428516e-05
-10.3515625 4.5432713576437496e-05 -7.247656286760936e-05
-10.15625 -5.056424470208472e-06 -0.00012569800175791525
-9.9609375 -0.00010192447277611582 -0.0001163298469978866
-9.765625 -0.0001888118389735425 6.674587090283022e-06
-9.5703125 -0.00016800045609469564 0.00024142037222597913
-9.375 4.67311316069686e-05 0.0005072125467161877
-9.1796875 0.00045976718819663425 0.0006665281266117239
-8.984375 0.0009492728696589591 0.0005880470827568701
-8.7890625 0.0012801779539453832 0.00021157686057536127
-8.59375 0.0011730302981680727 -0.0004248618557238204
-8.3984375 0.0004000579141625663 -0.001201323563636012
-8.203125 -0.0011241542308003368 -0.0019413294130867197
-8.0078125 -0.0032751595815022267 -0.0024067324323180125
-7.8125 -0.005680027711433348 -0.0022697786249005463
-7.6171875 -0.0077257667337101415 -0.0011380309669663338
-7.421875 -0.008665175604340184 0.001280991187987638
-7.2265625 -0.007874231956820191 0.004889203369628108
-7.03125 -0.005235066068974422 0.008952988254544629
-6.8359375 -0.0014738661422646232 0.01213751806334655
-6.640625 0.0018080259861470397 0.012916531012145852
-6.4453125 0.0025900832082501168 0.010193511406549774
-6.25 -0.0006973513425075558 0.0037868713377911204
-6.0546875 -0.008263232080257707 -0.005529591103154944
-5.859375 -0.01855641614655894 -0.016475722200679485
-5.6640625 -0.028794458730964687 -0.027880136683824205
-5.46875 -0.03630536970020169 -0.03891716834052067
-5.2734375 -0.03988142020977315 -0.048657564566576404
-5.078125 -0.04014113597630064 -0.055334421472542084
-4.8828125 -0.03861799048137959 -0.05631580025332808
-4.6875 -0.036444991474949735 -0.04944083360374883
-4.4921875 -0.03388230186315143 -0.035095378218330496
-4.296875 -0.030984725333178666 -0.017308100189088727
-4.1015625 -0.02839175936449138 -0.00249074423271165
-3.90625 -0.027067156585170685 0.00381613173205394
-3.7109375 -0.02707540248557345 0.00014013906439218555
-3.515625 -0.026755178847478592 -0.010018197724964395
-3.3203125 -0.02347130993253215 -0.020322465156913036
-3.125 -0.01564022122258906 -0.025496194318678243
-2.9296875 -0.004455259290725512 -0.024490244854113472
-2.734375 0.00612233927096861 -0.020779504111079445
-2.5390625 0.011285958757355965 -0.01937824797813063
-2.34375 0.00820744041615632 -0.022412457304867465
-2.1484375 -0.0016872524389509003 -0.026522042090583724
-1.953125 -0.012325174504730464 -0.024674425320196664
-1.7578125 -0.01535586926790259 -0.01188843282868
-1.5625 -0.004969438013832741 0.009311644036690736
-1.3671875 0.01718979087509952 0.028865790144597153
-1.171875 0.040797956202981926 0.03600218242331137
-0.9765625 0.05167350638520465 0.028140404036720353
-0.78125 0.040553588789346506 0.014048528466227518
-0.5859375 0.009702516681757565 0.007418979814330715
-0.390625 -0.028051152221188758 0.015428711844525956
-0.1953125 -0.05745638924116366 0.03198865916163989
0.0 -0.06986561270342848 0.04190268426125802
0.1953125 -0.06645206230308819 0.032792607904855865
0.390625 -0.05435636193484488 0.004954378737903022
0.5859375 -0.040353813852444964 -0.028689097437256852
0.78125 -0.027496595125969442 -0.051885709610934715
0.9765625 -0.01610707134524884 -0.05579117455979639
1.171875 -0.006290889612116496 -0.04326552208296588
1.3671875 0.0011804183192246542 -0.024819546444851372
1.5625 0.005873113430819722 -0.010561197256376524
1.7578125 0.008492049553305807 -0.004317776772714955
1.953125 0.00997615429364205 -0.0032811592433312207
2.1484375 0.009754197243679819 -0.0022038399591399983
2.34375 0.0053598981104039925 0.0014539351524458473
2.5390625 -0.005472041761738558 0.004914341531169491
2.734375 -0.021484367972868554 0.0015159204306423807
2.9296875 -0.036102031824031336 -0.014722384572458962
3.125 -0.03924536013820276 -0.04408936684669246
3.3203125 -0.022430185995452042 -0.07885314112692683
3.515625 0.015651242481145557 -0.10553550946596534
3.7109375 0.06669796992809418 -0.11112177793969057
3.90625 0.11555867121483494 -0.08987103466341918
4.1015625 0.1470327383766276 -0.04653132694215467
4.296875 0.1528220363866942 0.006225509409597167
4.4921875 0.1344809324173063 0.0544993941635058
4.6875 0.10089143089533412 0.08946542358963383
4.8828125 0.06259370012151201 0.10923495512703596
5.078125 0.027266233924764394 0.1158427033152381
5.2734375 -0.0009098199561401023 0.11079101400205583
5.46875 -0.01904046509367064 0.09339991935321579
5.6640625 -0.024045083667436917 0.0632248878601185
5.859375 -0.014327332044600957 0.023689851186979107
6.0546875 0.006862631357860201 -0.017268169064617634
6.25 0.030485908920167778 -0.05088057076957786
6.4453125 0.045703995682905244 -0.07246598007800195
6.640625 0.04655603013633735 -0.08296776308584468
6.8359375 0.03579476825664041 -0.08565722651587086
7.03125 0.02219343429909969 -0.0814176366686576
7.2265625 0.013313666843162469 -0.06760895421161381
7.421875 0.009902632650622285 -0.042001436543841086
7.6171875 0.006643285515601711 -0.008066123701602498
7.8125 -0.0017683484260895286 0.023791928373945018
8.0078125 -0.014862692021925838 0.04100977134804856
8.203125 -0.025953067533032503 0.036352784645620986
8.3984375 -0.02712723988514521 0.012574938665053072
8.59375 -0.01538485416802622 -0.018922334526596234
8.7890625 0.004711841175342553 -0.044249796462164225
8.984375 0.023368768001755302 -0.05410448011753377
9.1796875 0.03100962732446395 -0.04801836472576328
9.375 0.02362413390611893 -0.03384325986136844
9.5703125 0.005170453358027379 -0.022687514793383077
9.765625 -0.014557924376681556 -0.021849499456482735
9.9609375 -0.02592444767519132 -0.0301186692754048
10.15625 -0.025707871866378528 -0.03904145945409803
10.3515625 -0.018935535632444225 -0.03950839689836789
10.546875 -0.014570800802909874 -0.028459451153314295
10.7421875 -0.018507334003616392 -0.010366420567694188
10.9375 -0.029613778905715787 0.007018714623821685
11.1328125 -0.04150955798432148 0.01828361918015317
11.328125 -0.047651466935128964 0.022809128170568523
11.5234375 -0.045294402534286245 0.02332598347522043
11.71875 -0.03607020700612036 0.023063525128359425
11.9140625 -0.02408475564484625 0.02392825871267536
12.109375 -0.013540842136489196 0.026225526487687834
12.3046875 -0.007082757916538473 0.029208585708356133
12.5 -0.005123509671561339 0.03182557250985171
12.6953125 -0.006139856166250375 0.03339813815302735
12.890625 -0.007764267137091626 0.03396690334557523
13.0859375 -0.008096585215802038 0.03406863560028781
13.28125 -0.006461480361529153 0.03412083255089465
13.4765625 -0.0032800863858000887 0.03397724479402005
13.671875 0.0005727321606739508 0.03304718343647531
13.8671875 0.004307842517039885 0.03080329984790354
14.0625 0.007388085809740604 0.027182269065926266
14.2578125 0.009480123351434189 0.022594951771196987
14.453125 0.010424395201711236 0.017663768010998705
14.6484375 0.010263401153707555 0.012959032380046686
14.84375 0.009236771112598139 0.008874739646817594
15.0390625 0.007696725983695204 0.005615990670769027
15.234375 0.0059914383736257015 0.0032268514214500495
15.4296875 0.004383225600864072 0.001627948586592848
15.625 0.0030240544797853347 0.0006631032937156854
15.8203125 0.001970539689265187 0.00015042346900740486
16.015625 0.0012132759866567272 -7.591776371817793e-05
16.2109375 0.0007058134550472022 -0.00014312379540641949
16.40625 0.000387888938983343 -0.00013570093625272286
16.6015625 0.00020133918975737987 -0.00010254766940225026
16.796875 9.86764712093997e-05 -6.773155301541371e-05
16.9921875 4.5638303570667084e-05 -4.038964425517485e-05
17.1875 1.9906027010166014e-05 -2.2000748835003818e-05
17.3828125 8.184519473493957e-06 -1.0935287115011605e-05
17.578125 3.1731200804763977e-06 -4.876699147707233e-06
17.7734375 1.1601950362708362e-06 -1.8507180783297197e-06
17.96875 3.964319592416111e-07 -4.897023764075508e-07
18.1640625 1.184652635534218e-07 3.7094310296550127e-08
18.359375 1.8882215207460933e-08 1.8550045030513965e-07
18.5546875 -1.630244969800938e-08 1.842253416697633e-07
18.75 -2.6667173248090404e-08 1.3808856900236855e-07
18.9453125 -2.6314511716474535e-08 8.974525402975952e-08
19.140625 -2.1443432620031318e-08 5.285450420567371e-08
19.3359375 -1.546125301091466e-08 2.8769769956971773e-08
19.53125 -1.0164427850210561e-08 1.4621083911495348e-08
19.7265625 -6.201799746225833e-09 6.962674602755054e-09
19.921875 -3.5484309606595935e-09 3.096829104995394e-09
20.1171875 -1.9123452291302e-09 1.2723516933160342e-09
20.3125 -9.713653111120731e-10 4.728444061239304e-10
20.5078125 -4.64783931116252e-10 1.5267452358237044e-10
20.703125 -2.095532092311193e-10 3.8637281167944505e-11
20.8984375 -8.917360178215074e-11 4.405551099217227e-12
21.09375 -3.5896900621605635e-11 -2.9227094878403063e-12
21.2890625 -1.368901848714279e-11 -2.9228630973313345e-12
21.484375 -4.94268637519157e-12 -1.745047764508444e-12
21.6796875 -1.685496481841599e-12 -8.549533454110026e-13
21.875 -5.407508951194733e-13 -3.704775075571763e-13
22.0703125 -1.6249786528436264e-13 -1.461675641252025e-13
22.265625 -4.5497325003636186e-14 -5.3295500225605567e-14
22.4609375 -1.1771726967107455e-14 -1.8132947799330977e-14
22.65625 -2.7692036716125148e-15 -5.796159146573176e-15
22.8515625 -5.710100577763501e-16 -1.7482421552111447e-15
23.046875 -9.335536900712764e-17 -4.985904965920613e-16
23.2421875 -7.2172946728037e-18 -1.3449545684732476e-16
23.4375 2.697159563873257e-18 -3.4299975000609595e-17
23.6328125 1.76627795993853e-18 -8.266415994388782e-18
23.828125 6.698528953162989e-19 -1.8823352484146066e-18
24.0234375 2.0687540637618305e-19 -4.0479965042149767e-19
24.21875 5.645916409246733e-20 -8.20794169174069e-20
24.4140625 1.4066638833244953e-20 -1.5632417770698264e-20
24.609375 3.2492949223290327e-21 -2.7775280741881634e-21
24.8046875 7.013919869317552e-22 -4.553437886115497e-22
25.0 1.4211642218086585e-22 -6.760302260804526e-23
25.1953125 2.711295160677116e-23 -8.756295872752894e-24
25.390625 4.882529852483363e-24 -8.949963511292591e-25
25.5859375 8.315487558304087e-25 -4.223230335601883e-26
25.78125 1.3407660242793078e-25 1.0694484588928689e-26
25.9765625 2.046409244663449e-26 4.365102903391834e-27
26.171875 2.953194278096112e-27 1.0486257857892883e-27
26.3671875 4.021578479511391e-28 2.056269189108148e-28
26.5625 5.154547515676345e-29 3.5584645795134965e-29
26.7578125 6.196912686809415e-30 5.608016101982684e-30
26.953125 6.950484385531682e-31 8.179896250943994e-31
27.1484375 7.204256967945732e-32 1.1148238097188893e-31
27.34375 6.777074359754746e-33 1.4278672338093458e-32
27.5390625 5.568133178340045e-34 1.724385531935846e-33
27.734375 3.6034028333130737e-35 1.966967605194602e-34
27.9296875 1.0574547039156434e-36 2.1209876394808907e-35
28.125 -1.7674362401256096e-37 2.162885259399718e-36
28.3203125 -4.504449179964793e-38 2.0861068295715107e-37
28.515625 -6.804864580832702e-39 1.9023980174237335e-38
28.7109375 -8.40998158615737e-40 1.6384118887555982e-39
28.90625 -9.193044299358961e-41 1.3294144040131545e-40
29.1015625 -9.167701887476917e-42 1.012170700207137e-41
29.296875 -8.467807657095845e-43 7.18522335013401e-43
29.4921875 -7.30554641574862e-44 4.707414959925197e-44
29.6875 -5.918113472038429e-45 2.7951805046261276e-45
29.8828125 -4.517483758247068e-46 1.4484178348443154e-46
30.078125 -3.2570745035928717e-47 5.907096931139459e-48
30.2734375 -2.2212056158866404e-48 1.0791792007269156e-49
30.46875 -1.4335220477923174e-49 -1.1844944369429472e-50
30.6640625 -8.753102621184022e-51 -1.8983484549051737e-51
30.859375 -5.052073846245021e-52 -1.814118674450993e-52
31.0546875 -2.7521476842860673e-53 -1.4182278423998257e-53
31.25 -1.411777351973677e-54 -9.798681831989138e-55
31.4453125 -6.794789523207405e-56 -6.173317173660571e-56
31.640625 -3.0500758400567576e-57 -3.6030190726031845e-57
31.8359375 -1.2639725398335407e-58 -1.9655979693645194e-58
32.03125 -4.7462444896743307e-60 -1.0076401112635023e-59
32.2265625 -1.5532184322326249e-61 -4.869440338155933e-61
32.421875 -3.9851235989880244e-63 -2.222479103883794e-62
32.6171875 -4.454010254879424e-65 -9.59072536930867e-64
32.8125 3.30373118899119e-66 -3.9150019573147544e-65
33.0078125 3.293257574682817e-67 -1.5116288001433622e-66
33.203125 1.982011034769283e-68 -5.51667271489654e-68
33.3984375 9.79085065620953e-70 -1.9001171186492458e-69
33.59375 4.282261189963317e-71 -6.161410116409881e-71
33.7890625 1.6707104711408327e-72 -1.841186458874748e-72
33.984375 -9.759687395234566e-73 -4.170029383164149e-73
34.1796875 -4.355031525382066e-72 -2.256070104836762e-71
34.375 3.474663128919799e-70 -3.0375394425500195e-70
34.5703125 8.456748807644656e-69 2.8479940094131723e-69
34.765625 3.343974194730163e-68 1.6267501654178506e-67
34.9609375 -2.21641778067325e-66 1.9847766265249555e-66
35.15625 -4.881378769910799e-65 -1.5792625843175566e-65
35.3515625 -1.8141923130259654e-64 -8.320476715864229e-64
35.546875 1.002711154526208e-62 -9.197272015036374e-63
35.7421875 1.9985268509157545e-61 6.203150664035176e-62
35.9375 6.960392983991348e-61 3.018613434631036e-60
36.1328125 -3.2172353839390597e-59 3.0225095522564797e-59
36.328125 -5.803719112707797e-58 -1.7256860003804876e-58
36.5234375 -1.8890894235991454e-57 -7.767806239326107e-57
36.71875 7.32099380108333e-56 -7.044351747361226e-56
36.9140625 1.1954521365907661e-54 3.39973404823382e-55
37.109375 3.627919094554397e-54 1.4178180129095907e-53
37.3046875 -1.1815028545310584e-52 1.164346826716029e-52
37.5 -1.746577559008486e-51 -4.742381144529176e-52
37.6953125 -4.931175888067183e-51 -1.835580457719978e-50
37.890625 1.3523037037459417e-49 -1.3648810224676934e-49
38.0859375 1.8099804255059145e-48 4.6831910737535856e-49
38.28125 4.744813617954508e-48 1.6856087482394517e-47
38.4765625 -1.0977045950406397e-46 1.1347006491386044e-46
38.671875 -1.3304256806098994e-45 -3.273376661371974e-46
38.8671875 -3.232512974389353e-45 -1.097918506134951e-44
39.0625 6.319248307562897e-44 -6.690286641210245e-44
39.2578125 6.93646974779993e-43 1.619051059805136e-43
39.453125 1.5594847512812795e-42 5.072393655933065e-42
39.6484375 -2.579947158768668e-41 2.7976138421019157e-41
39.84375 -2.565180234249882e-40 -5.665282484763524e-41
40.0390625 -5.328452209214092e-40 -1.662205927811872e-39
40.234375 7.469959497287441e-39 -8.29684574909847e-39
40.4296875 6.728668578977453e-38 1.4019925709105992e-38
40.625 1.2895931599694574e-37 3.863538313040882e-37
40.8203125 -1.533854443279707e-36 1.7451105204731708e-36
41.015625 -1.251908496653367e-35 -2.4528763018032138e-36
41.2109375 -2.2109704359811779e-35 -6.369621182024799e-35
41.40625 2.2335966543737453e-34 -2.6032740442415155e-34
41.6015625 1.6521464600951517e-33 3.0326615662942144e-34
41.796875 2.685552453211889e-33 7.44851005234097e-33
41.9921875 -2.3066201856433937e-32 2.7542675465985674e-32
42.1875 -1.5465262648271775e-31 -2.648285969461759e-32
42.3828125 -2.3112263509740843e-31 -6.1780589154409985e-31
42.578125 1.6892502306143303e-30 -2.0667302781179017e-30
42.7734375 1.0268313636484292e-29 1.6323872798011847e-30
42.96875 1.4094296215144728e-29 3.634635797450605e-29
43.1640625 -8.773119487459658e-29 1.0999045081300343e-28
43.359375 -4.835866141307523e-28 -7.096734143148271e-29
43.5546875 -6.090698164355667e-28 -1.516684767972233e-27
43.75 3.2311090558415074e-27 -4.1516586510441224e-27
43.9453125 1.6154107484656792e-26 2.1739174287893016e-27
44.140625 1.8652686203669755e-26 4.48905211500957e-26
44.3359375 -8.438821469100166e-26 1.1114390752759062e-25
44.53125 -3.8275901605689035e-25 -4.6862843676360857e-26
44.7265625 -4.048476906627783e-25 -9.424062565929618e-25
44.921875 1.562929573422202e-24 -2.1103226480389755e-24
45.1171875 6.4328266447973755e-24 7.097366209434887e-25
45.3125 6.227891896669813e-24 1.403282562573405e-23
45.5078125 -2.052669184579245e-23 2.841927323818939e-23
45.703125 -7.668534895307187e-23 -7.534980705041717e-24
45.8984375 -6.790640831445235e-23 -1.4820906987738151e-22
46.09375 1.9116776110021424e-22 -2.714436245875592e-22
46.2890625 6.4842124547123695e-22 5.590343088083685e-23
46.484375 5.248318501432226e-22 1.1102641508918711e-21
46.6796875 -1.2624678528499273e-21 1.838867709587865e-21
46.875 -3.888987070090186e-21 -2.8854621324547543e-22
47.0703125 -2.875326741888695e-21 -5.899278469904953e-21
47.265625 5.9119323370938915e-21 -8.835416289269028e-21
47.4609375 1.654437278077215e-20 1.0290277027191342e-21
47.65625 1.116678860356958e-20 2.22326713239487e-20
47.8515625 -1.963066884155698e-20 3.0109996095021825e-20
48.046875 -4.992277997626626e-20 -2.5070313391290806e-21
48.2421875 -3.074387958593863e-20 -5.942971636642594e-20
48.4375 4.621999306700528e-20 -7.277847271076469e-20
48.6328125 1.068518250045548e-19 4.087368523890426e-21
48.828125 6.000568755533885e-20 1.126766627949758e-19
49.0234375 -7.716243724874314e-20 1.2476853646678587e-19
49.21875 -1.6221832964206027e-19 -4.266034447765009e-21
49.4140625 -8.303144200150834e-20 -1.5152406614989553e-19
49.609375 9.133871731190912e-20 -1.517114677332144e-19
49.8046875 1.746838429340971e-19 2.5068933683502074e-21

