-20.0 0.010306772748156659 0.008557330965896268
-19.921875 0.01293769426836709 0.007243058773103737
-19.84375 0.015139691215115797 0.005690019452096219
-19.765625 0.016838405473729157 0.003948288910979533
-19.6875 0.017976915918149646 0.002072959876686091
-19.609375 0.018517530253796124 0.0001222566527425382
-19.53125 0.018442900987414156 -0.001844359990526706
-19.453125 0.01775643671081743 -0.0037680336678217567
-19.375 0.016482004290848215 -0.0055922419674961955
-19.296875 0.014662941729169798 -0.007264366542403734
-19.21875 0.01236042456952424 -0.008737065333417487
-19.140625 0.009651250011649914 -0.009969418969979962
-19.0625 0.006625121647447335 -0.010927833848199418
-18.984375 0.0033815333847250903 -0.011586694434924
-18.90625 2.6363215708065147e-05 -0.01192876659837799
-18.828125 -0.003331704294587767 -0.011945361898893735
-18.75 -0.006584803766094705 -0.011636279529116122
-18.671875 -0.009629439938985261 -0.011009547784501023
-18.59375 -0.012369844762365176 -0.010080990465034015
-18.515625 -0.014721029584583524 -0.008873645441351552
-18.4375 -0.01661143303576227 -0.00741706284380902
-18.359375 -0.017985080137344775 -0.005746509128738519
-18.28125 -0.018803185938648354 -0.0039021009061158502
-18.203125 -0.019045156976741907 -0.0019278892095203675
-18.125 -0.018708965395653906 0.00012908877112902226
-18.046875 -0.017810892878326125 0.00221977719935508
-17.96875 -0.016384663824094085 0.004294078464289248
-17.890625 -0.014480008614514763 0.006301832306378565
-17.8125 -0.012160717542259348 0.008193791954948872
-17.734375 -0.009502263285082246 0.009922592830337923
-17.65625 -0.006589084042266857 0.011443709021829205
-17.578125 -0.003511630098229535 0.012716391320816669
-17.5 -0.00036328327429499785 0.013704578213823223
-17.421875 0.002762738723733279 0.014377768154411658
-17.34375 0.005776382694075109 0.01471183793158768
-17.265625 0.008593560406722682 0.014689788368659789
-17.1875 0.011138654028717785 0.01430239527254426
-17.109375 0.013346644377617704 0.013548740862012803
-17.03125 0.015164795848795296 0.012436599174422669
-16.953125 0.016553850240633505 0.010982648495801738
-16.875 0.01748870180212439 0.009212484943865342
-16.796875 0.017958546871699184 0.007160414153106546
-16.71875 0.01796652260644235 0.004869002667516269
-16.640625 0.01752886960954215 0.0023883771275087988
-16.5625 0.016673671838155883 -0.00022473249644656732
-16.484375 0.015439243149895253 -0.002908199789016523
-16.40625 0.013872242466420687 -0.005595942450218337
-16.328125 0.012025608199738046 -0.008219568938302812
-16.25 0.009956406906290115 -0.010710192475831121
-16.171875 0.0077236909417199755 -0.013000363195414857
-16.09375 0.005386455261083561 -0.015026059932032203
-16.015625 0.00300177475325618 -0.01672867572310005
-15.9375 0.0006231911307130192 -0.01805692599338509
-15.859375 -0.001700596894670886 -0.01896860613559627
-15.78125 -0.003926703817096815 -0.019432126096167204
-15.703125 -0.006018670202450831 -0.01942775385147676
-15.625 -0.00794671939351069 -0.018948507368637027
-15.546875 -0.00968767750921549 -0.018000645670715788
-15.46875 -0.011224592970875486 -0.016603723669855665
-15.390625 -0.012546106268857863 -0.01479019200767184
-15.3125 -0.01364563215990064 -0.012604541584046607
-15.234375 -0.014520424372165082 -0.010102011933591734
-15.15625 -0.015170596757762425 -0.007346902166096471
-15.078125 -0.01559817441909077 -0.004410541789505475
-15.0 -0.01580624360748153 -0.0013689953387834221
-14.921875 -0.015798260347102785 0.0016994116349184792
-14.84375 -0.015577565214301432 0.004716647839336417
-14.765625 -0.015147136178400217 0.007607510027249277
-14.6875 -0.014509593768894043 0.010302031993103766
-14.609375 -0.013667454125685926 0.012737669881469254
-14.53125 -0.01262360687022316 0.014861174112471572
-14.453125 -0.011381977400662298 0.016630071838497743
-14.375 -0.009948318318578512 0.018013701245430662
-14.296875 -0.00833106327250021 0.01899375940103357
-14.21875 -0.006542169389089485 0.019564347788352546
-14.140625 -0.004597872221515663 0.019731523093208227
-14.0625 -0.002519280022533529 0.019512384127428062
-13.984375 -0.0003327420495848165 0.018933747825386194
-13.90625 0.0019300619053250513 0.018030486930631147
-13.828125 0.004232347239665883 0.016843618233111653
-13.75 0.0065327828201156525 0.015418242075633724
-13.671875 0.008786378271653105 0.013801440533575689
-13.59375 0.010945675491846467 0.01204024262153832
-13.515625 0.012962199282778674 0.010179759819536956
-13.4375 0.014788103831366271 0.008261584210092408
-13.359375 0.01637793688645239 0.006322525031663989
-13.28125 0.01769043280492247 0.004393738333319983
-13.203125 0.018690239859386806 0.0025002798769694513
-13.125 0.019349486741507445 0.000661084991438274
-13.046875 0.019649098203701153 -0.0011106475541751135
-12.96875 0.01957978012399679 -0.0028067156495331738
-12.890625 0.0191426095473765 -0.0044228876930126415
-12.8125 0.01834918478227549 -0.005957677008124953
-12.734375 0.017221313493623627 -0.007411014789814917
-12.65625 0.015790241783756227 -0.00878292409330287
-12.578125 0.014095453139713032 -0.010072295100806965
-12.5 0.012183091349008262 -0.011275853057709591
-12.421875 0.010104084465486503 -0.012387395568231574
-12.34375 0.007912066075318209 -0.013397356460615873
-12.265625 0.005661204027623341 -0.014292730518142751
-12.1875 0.003404054256717887 -0.015057368521901373
-12.109375 0.0011895575009998388 -0.015672626805139547
-12.03125 -0.0009387107419155794 -0.016118331372097585
-11.953125 -0.002943941598559506 -0.01637399496697124
-11.875 -0.004797071694016755 -0.01642020750908676
-11.796875 -0.0064772925542032535 -0.01624010706104517
-11.71875 -0.007972073917178111 -0.01582083076906107
-11.640625 -0.009276715946757793 -0.015154843565598639
-11.5625 -0.01039347587434496 -0.014241047138217609
-11.484375 -0.011330341763172321 -0.013085582726558492
-11.40625 -0.01209954788553258 -0.011702258355745326
-11.328125 -0.012715941082538111 -0.010112553425760267
-11.25 -0.013195314485434309 -0.008345180042528393
-11.171875 -0.0135528238214629 -0.006435209605338368
-11.09375 -0.013801592556879072 -0.004422803122121016
-11.015625 -0.013951596268588882 -0.0023516124175256745
-10.9375 -0.014008895254495148 -0.00026694461672278685
-10.859375 -0.013975259151956557 0.0017861981203217473
-10.78125 -0.013848200021006597 0.0037650795517923637
-10.703125 -0.013621402728920963 0.005631063738298529
-10.625 -0.013285515172653648 0.0073512020135039725
-10.546875 -0.012829237315381558 0.008899467607729125
-10.46875 -0.012240628379053778 0.010257557428782262
-10.390625 -0.011508536786188269 0.011415211661279935
-10.3125 -0.01062404833684068 0.012370037220883303
-10.234375 -0.00958184520845233 0.013126857724368717
-10.15625 -0.008381372050656477 0.01369664736781512
-10.078125 -0.007027715855927598 0.01409513595425535
-10.0 -0.005532123262733173 0.014341194760801791
-9.921875 -0.003912101950179345 0.014455126202593071
-9.84375 -0.002191080808595339 0.014456983470101912
-9.765625 -0.00039763510279175034 0.01436503959746047
-9.6875 0.001435684140710349 0.014194509791368154
-9.609375 0.0032738452484721474 0.013956608092704253
-9.53125 0.005081055893814458 0.013657991839532877
-9.453125 0.006822586438718659 0.013300617449978966
-9.375 0.008466562101609154 0.012882001178313745
-9.296875 0.009985587229143899 0.012395850843389037
-9.21875 0.011358074521045855 0.011833010741258969
-9.140625 0.012569173253349449 0.011182643147464399
-9.0625 0.013611221993958849 0.010433556580791311
-8.984375 0.014483690450350226 0.0095755835046747
-8.90625 0.0151926184019179 0.008600908264862685
-8.828125 0.015749602992124877 0.007505249545593436
-8.75 0.016170424660527222 0.0062888101923100825
-8.671875 0.016473432687024177 0.004956920647189219
-8.59375 0.016677830525194188 0.0035203202264639357
-8.515625 0.016802006864509878 0.0019950426890765647
-8.4375 0.016862050207338268 0.0004018984113965268
-8.359375 0.016870563750978992 -0.0012344260012777041
-8.28125 0.016835866022256854 -0.002886600177698897
-8.203125 0.016761624617552214 -0.004526135282254589
-8.125 0.01664692978429813 -0.00612501759595237
-8.046875 0.016486775760015157 -0.007657366681378283
-7.96875 0.016272884625135597 -0.009100984180955996
-7.890625 0.01599478286977332 -0.010438660153756963
-7.8125 0.015641026630202594 -0.011659117179415326
-7.734375 0.015200467965067101 -0.012757498372613717
-7.65625 0.014663460677307982 -0.01373534261732099
-7.578125 0.014022918084484741 -0.014600035890882195
-7.5 0.013275154206360322 -0.015363777304015858
-7.421875 0.012420461313207166 -0.016042147279456766
-7.34375 0.01146339817537216 -0.01665240759697925
-7.265625 0.010412782819187272 -0.017211693626360727
-7.1875 0.009281400106077645 -0.017735273760507857
-7.109375 0.00808544784632476 -0.018235047316457566
-7.03125 0.006843755968528897 -0.018718429573617693
-6.953125 0.0055768224174071 -0.01918773305464782
-6.875 0.004305717889569855 -0.01964010170819191
-6.796875 0.0030509198264875143 -0.02006799518033832
-6.71875 0.0018311442102567793 -0.02046016080070427
-6.640625 0.0006622508191038966 -0.020802978402428476
-6.5625 -0.0004436978547399757 -0.02108202404853451
-6.484375 -0.0014791438608559129 -0.02128367794229929
-6.40625 -0.002441433756576861 -0.021396601758006506
-6.328125 -0.0033328528176615993 -0.02141293117726415
-6.25 -0.004160259019147132 -0.021329067718484813
-6.171875 -0.004934314650179786 -0.02114600486084986
-6.09375 -0.0056683519205266205 -0.02086918023733211
-6.015625 -0.006376949878617063 -0.02050790087345086
-5.9375 -0.00707433854159799 -0.02007443500290152
-5.859375 -0.007772776914331966 -0.01958289616288356
-5.78125 -0.008481069323048577 -0.01904805946130905
-5.703125 -0.009203385030741413 -0.018484245133302723
-5.625 -0.009938527082658804 -0.017904382494862377
-5.546875 -0.010679757816896902 -0.017319332287543537
-5.46875 -0.011415233234851687 -0.016737503052292164
-5.390625 -0.012129031834334142 -0.016164754244898036
-5.3125 -0.012802693050798565 -0.015604541755554561
-5.234375 -0.01341711486940559 -0.015058235553337617
-5.15625 -0.013954608336024184 -0.014525527577421196
-5.078125 -0.014400876378714194 -0.014004851514281562
-5.0 -0.014746681042232953 -0.01349375297870815
-4.921875 -0.014988989207331811 -0.012989174908146828
-4.84375 -0.015131440621059252 -0.01248765323256414
-4.765625 -0.015184058300551955 -0.011985446071866811
-4.6875 -0.015162211465105166 -0.011478640273877431
-4.609375 -0.01508493413365126 -0.010963287889613437
-4.53125 -0.014972786454973176 -0.010435620192705188
-4.453125 -0.014845509370073468 -0.009892368627848714
-4.375 -0.014719757160932212 -0.009331193668470347
-4.296875 -0.014607191152837725 -0.008751189084407378
-4.21875 -0.014513180084348827 -0.008153396929173395
-4.140625 -0.014436282011328386 -0.007541244230948643
-4.0625 -0.014368587148649296 -0.00692080158708939
-3.984375 -0.01429689244662919 -0.00630077037083408
-3.90625 -0.014204570774249213 -0.005692130131446936
-3.828125 -0.014073904537158914 -0.005107419027297598
-3.75 -0.013888588079506688 -0.004559672851885367
-3.671875 -0.013636074730075554 -0.004061105103767475
-3.59375 -0.013309457661062792 -0.003621662940128236
-3.515625 -0.012908628237898305 -0.0032476329503718024
-3.4375 -0.012440545174176348 -0.002940488944898956
-3.359375 -0.011918561657049027 -0.0026961663285659733
-3.28125 -0.01136088124550057 -0.0025049125271990793
-3.203125 -0.01078833063827969 -0.002351802720767705
-3.125 -0.01022173263260871 -0.002217931067228839
-3.046875 -0.009679222527515052 -0.00208219919932424
-2.96875 -0.009173866980715532 -0.001923537680971222
-2.890625 -0.008711912659095775 -0.0017233245461964843
-2.8125 -0.008291915915929529 -0.0014677191148448924
-2.734375 -0.007904893184294716 -0.0011496173077756697
-2.65625 -0.007535498789966784 -0.0007699608432866983
-2.578125 -0.007164099727893311 -0.00033819614349390125
-2.5 -0.00676949394651315 0.00012822655988469658
-2.421875 -0.0063319268074469165 0.000605308358152997
-2.34375 -0.005836012890963206 0.0010647843209228472
-2.265625 -0.005273174818529874 0.0014769958132785684
-2.1875 -0.004643267994397429 0.0018140291864270997
-2.109375 -0.0039551636060366135 0.0020527509326964412
-2.03125 -0.003226198700617776 0.0021773700166464547
-1.953125 -0.002480553416828875 0.0021812082045766703
-1.875 -0.0017467605135203653 0.0020674541114489666
-1.796875 -0.001054670372781473 0.0018488048982666242
-1.71875 -0.0004322680554494769 0.0015460440611062103
-1.640625 9.724383606976841e-05 0.001185744149379645
-1.5625 0.0005177252344101601 0.0007973986615457816
-1.484375 0.0008214668562651406 0.00041035974165545635
-1.40625 0.0010095078624398506 5.097559057901835e-05
-1.328125 0.0010909183466322686 -0.0002597198438955603
-1.25 0.0010812094793999638 -0.0005075061377291447
-1.171875 0.0010001504946588538 -0.000685536630929536
-1.09375 0.0008693379567075528 -0.0007939769021569849
-1.015625 0.0007098689614705657 -0.0008388730092334356
-0.9375 0.0005404176504639827 -0.0008305008629876897
-0.859375 0.0003759166332487269 -0.0007814971085515142
-0.78125 0.000226923360821371 -0.000705064432904934
-0.703125 9.963172298427632e-05 -0.0006134867198889039
-0.625 -3.6055095973859366e-06 -0.0005170986644781292
-0.546875 -8.343168861008575e-05 -0.000423752887930126
-0.46875 -0.00014251556062903957 -0.0003387376246630952
-0.390625 -0.00018462119804312174 -0.0002650361618411234
-0.3125 -0.00021382992659253663 -0.0002037924501012723
-0.234375 -0.000233963200932786 -0.00015485289502855152
-0.15625 -0.000248200809612407 -0.00011728229853646244
-0.078125 -0.00025885170951219085 -8.97893749524856e-05
0.0 -0.00026721856764712283 -7.10327417017453e-05
0.078125 -0.0002735001609314273 -5.980451358629925e-05
0.15625 -0.0002766939906972631 -5.510335105568731e-05
0.234375 -0.0002744899663077422 -5.6113872506734217e-05
0.3125 -0.0002631799025821683 -6.210892131636255e-05
0.390625 -0.00023764126468841306 -7.228993638001144e-05
0.46875 -0.00019147975776332807 -8.558223777163117e-05
0.546875 -0.00011742477533395771 -0.00010040801061217229
0.625 -8.054948218196086e-06 -0.00011446927796606648
0.703125 0.00014311802048444682 -0.00012458301139298643
0.78125 0.000340258849637322 -0.00012661609962693324
0.859375 0.0005836615584188243 -0.00011556459118639126
0.9375 0.0008682906209757538 -8.580666746508603e-05
1.015625 0.0011827187915215468 -3.153265012934816e-05
1.09375 0.0015087767875867008 5.267783061894148e-05
1.171875 0.00182216556510255 0.00017119450682189416
1.25 0.002094148500826261 0.000326678966883583
1.328125 0.0022942587477616026 0.0005195290464028797
1.40625 0.00239376065966681 0.00074751497925029
1.484375 0.002369433727218946 0.001005671619459302
1.5625 0.0022071395517986375 0.0012864731969382019
1.640625 0.0019046116871082404 0.001580274688874915
1.71875 0.0014729823638272759 0.001875965443828229
1.796875 0.0009367188312784302 0.0021617533451016076
1.875 0.00033185978340946674 0.002425985881854517
1.953125 -0.00029731607220103383 0.002657918839041191
2.03125 -0.0009028298431022063 0.0028483614252926407
2.109375 -0.001438212437741072 0.0029901536021577587
2.1875 -0.0018637419352862815 0.003078461086982436
2.265625 -0.0021510489152483606 0.003110900112873341
2.34375 -0.0022865021387586375 0.003087523010125337
2.421875 -0.0022729357148133186 0.0030107045227946746
2.5 -0.0021294833283044827 0.0028849672363970686
2.578125 -0.00188951777785232 0.002716774331679699
2.65625 -0.0015969251004362896 0.0025143023267599277
2.734375 -0.0013011434609942907 0.002287189504161283
2.8125 -0.0010515439598698993 0.002046241323400748
2.890625 -0.0008918069784619465 0.00180306563552082
2.96875 -0.0008549458590487663 0.0015696101687418897
3.046875 -0.0009595511528018775 0.0013575833785656167
3.125 -0.0012076837823312126 0.0011777567146675704
3.203125 -0.0015846521073775773 0.0010391696345127502
3.28125 -0.0020606891751451836 0.0009482851252875959
3.359375 -0.0025943280535096294 0.0009081691152099713
3.4375 -0.0031370803519994443 0.0009177876359604948
3.515625 -0.003638877801270251 0.0009715267687702862
3.59375 -0.0040536552616431175 0.001059038811508276
3.671875 -0.004344444328532449 0.0011655015570580438
3.75 -0.0044874098288863115 0.0012723456418983238
3.828125 -0.004474388550254861 0.0013584592624227255
3.90625 -0.004313664762879299 0.0014018240106749371
3.984375 -0.00402891936599409 0.0013814760036510653
4.0625 -0.003656494929542025 0.0012796302290224598
4.140625 -0.0032413037797102127 0.0010837611637223021
4.21875 -0.0028318498637497588 0.0007884069610149415
4.296875 -0.002474922133913038 0.0003964640744383668
4.375 -0.002210539449928758 -8.023228100769632e-05
4.453125 -0.002067684235667467 -0.0006211887975354992
4.53125 -0.00206126167504942 -0.001198459931339256
4.609375 -0.002190576823990391 -0.0017787425568332419
4.6875 -0.0024394517929749787 -0.0023262160409671592
4.765625 -0.0027779292430166664 -0.0028058838958592604
4.84375 -0.0031653464017818334 -0.0031870927064256535
4.921875 -0.003554432357382956 -0.0034468556168967246
5.0 -0.0038959926201758595 -0.0035726001051905602
5.078125 -0.004143705307480696 -0.0035639971814642457
5.15625 -0.00425856337803181 -0.0034336100304519254
5.234375 -0.004212552344574836 -0.003206217262808361
5.3125 -0.0039912438083612705 -0.002916807076782874
5.390625 -0.0035951002177300336 -0.0026073878309493003
5.46875 -0.0030394125379466057 -0.002322900162683847
5.546875 -0.0023529174757841104 -0.002106628759061001
5.625 -0.0015752535666248406 -0.0019955838391604907
5.703125 -0.0007535072784100412 -0.002016343597206299
5.78125 6.183434692929403e-05 -0.002181815453513532
5.859375 0.0008211718749615456 -0.0024892885896284117
5.9375 0.0014799631233378733 -0.0029200217137132388
6.015625 0.002002435607596412 -0.0034404522566928828
6.09375 0.0023645476971248585 -0.004004943641774923
6.171875 0.0025559682702765243 -0.004559824675108279
6.25 0.0025809227150028536 -0.005048337400366679
6.328125 0.0024578399744853434 -0.00541601194654179
6.40625 0.002217825546922817 -0.005615939372778095
6.484375 0.0019020735187657493 -0.005613420977228756
6.5625 0.001558411554187204 -0.005389533600946727
6.640625 0.001237241190362257 -0.0049432579725678565
6.71875 0.0009871870644448306 -0.004291959165180114
6.796875 0.0008507987007827857 -0.0034701695177948104
6.875 0.0008606540453596132 -0.002526788115240651
6.953125 0.0010361932232431825 -0.0015209606445484832
7.03125 0.0013815639135987398 -0.0005170247162915938
7.109375 0.0018846882054301217 0.00042101243205278804
7.1875 0.0025176688971830894 0.0012349611257721621
7.265625 0.003238547112056701 0.0018774105562554858
7.34375 0.003994310789840334 0.0023157301021338316
7.421875 0.004724944310637712 0.0025347708209140455
7.5 0.0053682129346180624 0.0025380487324234823
7.578125 0.005864801233450446 0.00234732793268145
7.65625 0.006163380201456511 0.002000660089151634
7.734375 0.0062251689263231715 0.00154906532451073
7.8125 0.006027586160179581 0.0010521475301947026
7.890625 0.005566653885697582 0.0005730169646854672
7.96875 0.004857914339837782 0.00017293978385101986
8.046875 0.003935745830930417 -9.38538031222194e-05
8.125 0.002851100202105679 -0.00018479263286974343
8.203125 0.0016678233714648835 -7.266049194531093e-05
8.28125 0.00045784697921922945 0.00025191720651217487
8.359375 -0.0007043583293070857 0.000779383394930543
8.4375 -0.0017476089712339183 0.0014816377849837879
8.515625 -0.0026096269947645987 0.0023138763264289194
8.59375 -0.0032419797660642622 0.003217748510696742
8.671875 -0.0036139265769262225 0.004125603750799769
8.75 -0.003714851275284878 0.0049655185721929705
8.828125 -0.0035550804618303387 0.005666737966681051
8.90625 -0.0031650230397187924 0.006165130906101124
8.984375 -0.002592706465278506 0.0064082542703783295
9.0625 -0.001899915581907067 0.00635964234776136
9.140625 -0.0011572504278501044 0.006001989880075567
9.21875 -0.00043850121952928776 0.005338972703065256
9.296875 0.00018521385238755633 0.004395546769790582
9.375 0.0006510916996595602 0.003216677320640314
9.453125 0.0009096371990929853 0.0018645672608945632
9.53125 0.0009286321671268748 0.0004145685477083154
9.609375 0.0006957903802853497 -0.0010499365664144622
9.6875 0.000219910843868743 -0.0024433148294126738
9.765625 -0.0004695458817138143 -0.003683696969130401
9.84375 -0.0013244189478057113 -0.00469878085132948
9.921875 -0.0022811981541888708 -0.005430987667056096
10.0 -0.0032655209677152817 -0.005841582758949373
10.078125 -0.004197494970271444 -0.005913450240865988
10.15625 -0.0049974708819335465 -0.005652312572853002
10.234375 -0.005591862725669541 -0.00508630428730539
10.3125 -0.005918609979937585 -0.004263933378841156
10.390625 -0.005931901439692192 -0.0032505843473286415
10.46875 -0.0056058302482349665 -0.0021238239574474203
10.546875 -0.004936721051256373 -0.0009678562919811218
10.625 -0.003943959050796053 0.0001324684544056379
10.703125 -0.0026692513667537438 0.0010976603535520974
10.78125 -0.0011743571317764682 0.0018591857219962596
10.859375 0.0004625728118023026 0.0023642631680151887
10.9375 0.002151809967513302 0.0025795328851143076
11.015625 0.003797698966530459 0.002493356145515473
11.09375 0.005304768915733046 0.002116600033256057
11.171875 0.006583895742534152 0.0014818675440066544
11.25 0.007558100965565683 0.000641237977410358
11.328125 0.008167596330202682 -0.00033731972669398747
11.40625 0.008373735173655843 -0.0013746133036742867
11.484375 0.008161606510143967 -0.0023856587000505554
11.5625 0.00754110109357194 -0.003285516557991393
11.640625 0.006546383177351979 -0.003995150827466493
11.71875 0.005233809608510292 -0.004446928188144847
11.796875 0.0036784413978266342 -0.004589401977830564
11.875 0.0019693846693871124 -0.004391071079334671
11.953125 0.00020427171217919028 -0.0038428697977114794
12.03125 -0.001516755878493247 -0.0029592252179376803
12.109375 -0.003097174014677026 -0.0017776090450624207
12.1875 -0.004449925046895099 -0.00035660600398973403
12.265625 -0.005502626099032075 0.0012273853642852679
12.34375 -0.006201821519778147 0.002884617153007718
12.421875 -0.006516029904540591 0.004517345728809665
12.5 -0.0064374153184478325 0.00602574245160014
12.578125 -0.005981999591875769 0.007313994670272357
12.65625 -0.005188422368487844 0.008296219112014546
12.734375 -0.004115342656368288 0.00890182295363337
12.8125 -0.002837655104178044 0.00907998420783407
12.890625 -0.0014417618741895241 0.008802979881750756
12.96875 -2.019337251990144e-05 0.00806816357813198
13.046875 0.0013340943309581052 0.00689847866530283
13.125 0.002533402401169075 0.005341483065084386
13.203125 0.0035006143034007836 0.0034669511589323055
13.28125 0.004173849271644239 0.0013632016444648956
13.359375 0.004510172852024748 -0.0008676275680338714
13.4375 0.004488151171864244 -0.003115079104266728
13.515625 0.004109105676133801 -0.0052663327816787064
13.59375 0.0033970030853783095 -0.0072122813262717024
13.671875 0.002396996539043002 -0.008853386802970976
13.75 0.0011727133373064056 -0.010104997702318338
13.828125 -0.00019754247037606458 -0.01090184194909365
13.90625 -0.0016254425804556247 -0.01120146093242098
13.984375 -0.0030178647638676565 -0.010986410899211716
14.0625 -0.0042823938365342635 -0.010265127189959594
14.140625 -0.005332774787413837 -0.00907142006378405
14.21875 -0.006094007095203158 -0.007462644396903813
14.296875 -0.0065067945488470336 -0.005516655541543773
14.375 -0.0065311058395980635 -0.003327726513383919
14.453125 -0.0061486548653108585 -0.001001654228943055
14.53125 -0.00536417253813493 0.00134967792287126
14.609375 -0.004205410048564842 0.0036139892860717225
14.6875 -0.0027218830825968625 0.005684242532294357
14.765625 -0.00098243365449089 0.007463943107591187
14.84375 0.0009282523975730784 0.008871828497068426
14.921875 0.002913981509597816 0.009845715824122641
15.0 0.004872009657568289 0.01034532548319823
15.078125 0.00669835939087828 0.010353956252317994
15.15625 0.008293220017689515 0.009878950145713243
15.234375 0.009566153273371127 0.008950949468629243
15.3125 0.010440839679529561 0.007622010524368316
15.390625 0.010859126750898803 0.005962694912468075
15.46875 0.010784177777097337 0.004058307569927009
15.546875 0.010202567090579767 0.0020044885096032403
15.625 0.009125222049496723 -9.760882491450575e-05
15.703125 0.007587170567674885 -0.0021463062504672448
15.78125 0.0056461128470508635 -0.004044309407988747
15.859375 0.003379893897663745 -0.00570330020527685
15.9375 0.000883006494689686 -0.007047999265364956
16.015625 -0.0017377002269281171 -0.008019516073843644
16.09375 -0.0043678954648774726 -0.00857784371318163
16.171875 -0.006890989011452 -0.008703399832269748
16.25 -0.009193452837584572 -0.008397563598547523
16.328125 -0.01116999351856079 -0.007682207506801024
16.40625 -0.012728338611571174 -0.006598270760548126
16.484375 -0.013793422455190328 -0.005203465275680313
16.5625 -0.014310788465726053 -0.003569244144531709
16.640625 -0.014249063988383574 -0.0017771938899308636
16.71875 -0.01360140804335996 8.496533751428895e-05
16.796875 -0.012385879717859134 0.001927574215920785
16.875 -0.01064472333312205 0.003663222666897672
16.953125 -0.008442613786646588 0.005210738033249421
17.03125 -0.0058639497042888575 0.006498794423052546
17.109375 -0.003009321494511396 0.007468988157223978
17.1875 8.685434307550898e-06 0.008078254190672025
17.265625 0.003070166396254598 0.008300532923913912
17.34375 0.006052849019628337 0.008127634079080752
17.421875 0.008837109501933978 0.00756928238511184
17.5 0.011310843401634973 0.006652366917681012
17.578125 0.013373990893880314 0.005419450475711262
17.65625 0.014942534785640463 0.003926625990456453
17.734375 0.015951815223042676 0.0022408325554940114
17.8125 0.016359036563752333 0.00043676340067857507
17.890625 0.016144877732447546 -0.0014064885624880585
17.96875 0.015314155803371553 -0.0032088954317448354
18.046875 0.013895531814151154 -0.0048929172665537046
18.125 0.011940286235032524 -0.0063867381019235775
18.203125 0.009520227571269331 -0.0076271826627163555
18.28125 0.006724829940729778 -0.008562199577581081
18.359375 0.0036577230586154756 -0.009152819401883696
18.4375 0.00043268004499894826 -0.009374521465435857
18.515625 -0.002830735728517691 -0.009217971182111838
18.59375 -0.006011694250221297 -0.008689117654752694
18.671875 -0.00899261976127622 -0.007808668857498882
18.75 -0.011663539573031675 -0.006610987150115547
18.828125 -0.013926101437516164 -0.005142470309424378
18.90625 -0.01569711573126265 -0.003459501803676209
18.984375 -0.016911499282629944 -0.0016260680905191315
19.0625 -0.017524522306553596 0.00028885004590889165
19.140625 -0.017513287589510027 0.0022140007719584215
19.21875 -0.016877400667068984 0.004078588184812663
19.296875 -0.015638820077553205 0.005814896971615198
19.375 -0.0138409066844005 0.007360717600594758
19.453125 -0.011546719430519306 0.008661487199426686
19.53125 -0.008836630734530782 0.009672076349271811
19.609375 -0.005805357233984754 0.010358169144706171
19.6875 -0.0025585200741698017 0.010697202264481037
19.765625 0.0007911370372422014 0.01067884765860983
19.84375 0.004127734537377286 0.010305041974952404
19.921875 0.007336306658488567 0.009589583249226447

