-50.0 -3.36073340247591e-10 -4.098485315614629e-10
-49.8046875 3.163955867451375e-10 4.55329097250577e-10
-49.609375 -2.92695131800429e-10 -4.999969235323534e-10
-49.4140625 2.6453681166287287e-10 5.435842504608403e-10
-49.21875 -2.3153566568060484e-10 -5.856911769625919e-10
-49.0234375 1.933711990969288e-10 6.258115032970456e-10
-48.828125 -1.4981795905346208e-10 -6.633286605297933e-10
-48.6328125 1.0075239916550171e-10 6.975018648424163e-10
-48.4375 -4.618202190549981e-11 -7.275135844087687e-10
-48.2421875 -1.3720892142497861e-11 7.524608560918599e-10
-48.046875 7.86114868278644e-11 -7.713856701086415e-10
-47.8515625 -1.4793863844649132e-10 7.833262183408547e-10
-47.65625 2.2093184430553525e-10 -7.873343571340514e-10
-47.4609375 -2.9659512694276383e-10 7.825410954435508e-10
-47.265625 3.7370782388147746e-10 -7.682061655218523e-10
-47.0703125 -4.5083964848629097e-10 7.437746833456459e-10
-46.875 5.263760169129148e-10 -7.08935861329095e-10
-46.6796875 -5.985763679617302e-10 6.636807852578374e-10
-46.484375 6.6561809938289e-10 -6.083473117141843e-10
-46.2890625 -7.256902204276734e-10 5.436468466450615e-10
-46.09375 7.77075514679725e-10 -4.706978380830523e-10
-45.8984375 -8.182422778164412e-10 3.9099532497978464e-10
-45.703125 8.479621610441731e-10 -3.063964567096798e-10
-45.5078125 -8.653818150169831e-10 2.190608120338839e-10
-45.3125 8.701274111399734e-10 -1.313446966034567e-10
-45.1171875 -8.62357792387231e-10 4.572309726217345e-11
-44.921875 8.427997869253867e-10 3.537190268351445e-11
-44.7265625 -8.127711758756095e-10 -1.0967906720148304e-10
-44.53125 7.741192795501736e-10 1.7525535064872647e-10
-44.3359375 -7.291851158039012e-10 -2.3064774997330541e-10
-44.140625 6.806666429569246e-10 2.749971299276454e-10
-43.9453125 -6.314594241478292e-10 -3.081850163402438e-10
-43.75 5.845028281680288e-10 3.3090154426184907e-10
-43.5546875 -5.424873032774019e-10 -3.446614718728173e-10
-43.359375 5.076440260816284e-10 3.5181333806403794e-10
-43.1640625 -4.814776721422322e-10 -3.5537992406161203e-10
-42.96875 4.6445887684871064e-10 3.5886623920761285e-10
-42.7734375 -4.559005065014901e-10 -3.659676251244577e-10
-42.578125 4.5381024246328037e-10 3.801060427409213e-10
-42.3828125 -4.5492391303435353e-10 -4.04008420820076e-10
-42.1875 4.5501242784922684e-10 4.3921388814068817e-10
-41.9921875 -4.4924353446299944e-10 -4.856355761568238e-10
-41.796875 4.3283593063941185e-10 5.41406210339989e-10
-41.6015625 -4.0180915816394226e-10 -6.028591555968526e-10
-41.40625 3.5359346889182517e-10 6.648864119951772e-10
-41.2109375 -2.876014929222087e-10 -7.216340597797189e-10
-41.015625 2.0541356911269227e-10 7.672494782505462e-10
-40.8203125 -1.1052418450003661e-10 -7.967602935701335e-10
-40.625 7.869512955578389e-12 8.067381942214944e-10
-40.4296875 9.691365762329069e-11 -7.955257172183437e-10
-40.234375 -1.9822311134332507e-10 7.632340044792197e-10
-40.0390625 2.9087966451965626e-10 -7.114344899324982e-10
-39.84375 -3.703278034480056e-10 6.427907391699621e-10
-39.6484375 4.32712042430182e-10 -5.610092459483398e-10
-39.453125 -4.74981515259629e-10 4.709331714776722e-10
-39.2578125 4.95493388635308e-10 -3.785642323872685e-10
-39.0625 -4.949118314254747e-10 2.9071462965883703e-10
-38.8671875 4.768344034280427e-10 -2.1375874563657733e-10
-38.671875 -4.4759489444159326e-10 1.5171744371620324e-10
-38.4765625 4.145286028483031e-10 -1.0469825106738807e-10
-38.28125 -3.829847527622542e-10 6.877860795144594e-11
-38.0859375 3.5379129713685253e-10 -3.832268057391175e-11
-37.890625 -3.230783887264271e-10 1.022829398590221e-11
-37.6953125 2.858313496120505e-10 1.2565855864614387e-11
-37.5 -2.420806610055555e-10 -2.1530944782001598e-11
-37.3046875 2.0147227222956149e-10 8.610338672727198e-12
-37.109375 -1.8121719842465687e-10 2.4399213644975923e-11
-36.9140625 1.955967616653747e-10 -6.010560899199796e-11
-36.71875 -2.4198589625983513e-10 7.074253588373007e-11
-36.5234375 2.944565485582276e-10 -3.538971207796401e-11
-36.328125 -3.147811702912947e-10 -4.04782724666284e-11
-36.1328125 2.790913278774678e-10 1.2024555093322507e-10
-35.9375 -2.0217352629232472e-10 -1.575299548738151e-10
-35.7421875 1.3488856694216058e-10 1.3453265321965688e-10
-35.546875 -1.2576922893032628e-10 -8.659991691887159e-11
-35.3515625 1.7093400372781054e-10 8.181701669137008e-11
-35.15625 -2.0051506053572858e-10 -1.580957722045239e-10
-34.9609375 1.324000805884677e-10 2.682215720360322e-10
-34.765625 3.7391044108993397e-11 -2.9821792405530364e-10
-34.5703125 -1.9542009879467068e-10 1.710624166322716e-10
-34.375 1.9213573731134503e-10 4.748858989610256e-11
-34.1796875 -1.199754758158439e-12 -1.6674511864014942e-10
-33.984375 -2.0181439450034805e-10 4.6501004519764785e-11
-33.7890625 1.7454518988157396e-10 2.1685179419284596e-10
-33.59375 1.195245312247625e-10 -3.2316999047838035e-10
-33.3984375 -3.91353462393824e-10 7.315470304333753e-11
-33.203125 2.820713587559816e-10 3.3746403520034663e-10
-33.0078125 1.871487706300092e-10 -4.320948425958804e-10
-32.8125 -5.023987541135279e-10 -5.4947340761593375e-12
-32.6171875 1.8298956773996498e-10 5.346625724289217e-10
-32.421875 5.284034503264125e-10 -4.3199967082868426e-10
-32.2265625 -7.41714328756726e-10 -3.759728970291339e-10
-32.03125 -2.2251694895051696e-11 9.600389563779128e-10
-31.8359375 9.627022550942492e-10 -3.9470500827576856e-10
-31.640625 -7.313982655150409e-10 -8.362530299734059e-10
-31.4453125 -6.907920750308333e-10 1.0566520754464191e-09
-31.25 1.4640152589567758e-09 4.141719930738686e-10
-31.0546875 -1.3694791449667388e-10 -1.7969231958164336e-09
-30.859375 -1.8402671320426282e-09 8.279617353551496e-10
-30.6640625 1.4296918566516067e-09 1.6648903586650558e-09
-30.46875 1.4592847276719768e-09 -1.9928476558827115e-09
-30.2734375 -2.695592847738139e-09 -1.1313921070392446e-09
-30.078125 -4.464873585349041e-10 3.423351967606555e-09
-29.8828125 3.890322119041157e-09 -5.295009269189385e-10
-29.6875 -1.5301746115926202e-09 -4.104397476343978e-09
-29.4921875 -4.292041136792924e-09 2.569494495758298e-09
-29.296875 3.890600374233797e-09 4.407689585951938e-09
-29.1015625 4.164812935665363e-09 -5.467668687139458e-09
-28.90625 -7.0176723041444265e-09 -3.543475461253367e-09
-28.7109375 -2.8017430037833455e-09 8.517506572759155e-09
-28.515625 1.0241503088294716e-08 1.9546716964635675e-09
-28.3203125 7.140877403770375e-10 -1.2242136649198528e-08
-28.125 -1.427142880849612e-08 9.925586917466004e-10
-27.9296875 2.922224141220474e-09 1.630122022412781e-08
-27.734375 1.8647556154782857e-08 -5.031568798105188e-09
-27.5390625 -7.618404090580991e-09 -2.1465746342505257e-08
-27.34375 -2.459683240640123e-08 1.082026393215402e-08
-27.1484375 1.4438983523803207e-08 2.8067768717714494e-08
-26.953125 3.228963268920982e-08 -1.8424172045279267e-08
-26.7578125 -2.3073580605913204e-08 -3.7591889282235505e-08
-26.5625 -4.401785316210568e-08 2.8560219714485975e-08
-26.3671875 3.46919386951992e-08 5.179553869141882e-08
-26.171875 6.159537764428278e-08 -4.133780551667957e-08
-25.9765625 -4.86495173767318e-08 -7.411819046088945e-08
-25.78125 -8.986173525423002e-08 5.660047995122341e-08
-25.5859375 6.466793784063731e-08 1.0955323687613071e-07
-25.390625 1.3443388013442922e-07 -7.215632836468854e-08
-25.1953125 -7.836586036903604e-08 -1.658738215300893e-07
-25.0 -2.0507818953269256e-07 8.207595583296555e-08
-24.8046875 8.109147939519673e-08 2.534008960792547e-07
-24.609375 3.1250895657845887e-07 -7.238831723611353e-08
-24.4140625 -5.214420833980999e-08 -3.8382296138103714e-07
-24.21875 -4.678965127402254e-07 1.5121476879885484e-08
-24.0234375 -4.5879961760215434e-08 5.642360282068949e-07
-23.828125 6.708330559948063e-07 1.3989095463623759e-07
-23.6328125 2.7753075248488e-07 -7.828030835918764e-07
-23.4375 -8.907404075495985e-07 -4.710639315811017e-07
-23.2421875 -7.339147939382753e-07 9.793366927930047e-07
-23.046875 1.025698377931087e-06 1.0788189471126407e-06
-22.8515625 1.5149028943239408e-06 -9.969982853317637e-07
-22.65625 -8.484456582673133e-07 -2.043870753672366e-06
-22.4609375 -2.6543401585282613e-06 5.227471094335419e-07
-22.265625 -4.859211248541524e-08 3.3135690885502788e-06
-22.0703125 3.957280728579154e-06 9.413341700082906e-07
-21.875 2.2296332063628234e-06 -4.478812030619397e-06
-21.6796875 -4.7185841070469e-06 -3.969730649134437e-06
-21.484375 -6.174974692447388e-06 4.456252852661287e-06
-21.2890625 3.4107047304948174e-06 8.781578081698307e-06
-21.09375 1.1605072181598126e-05 -1.2548449808424896e-06
-20.8984375 2.3474374231114235e-06 -1.4290516116175345e-05
-20.703125 -1.626537125830829e-05 -7.674096677478399e-06
-20.5078125 -1.4839865872926047e-05 1.6710239274004084e-05
-20.3125 1.4568872386241385e-05 2.3650724724105935e-05
-20.1171875 3.3426660523690324e-05 -8.625783538486646e-06
-19.921875 2.315485326140863e-06 -4.281787355352061e-05
-19.7265625 -4.966101885192275e-05 -1.9124456516319046e-05
-19.53125 -4.18954204807074e-05 5.0948479596750125e-05
-19.3359375 4.300880018312281e-05 6.938344197661898e-05
-19.140625 9.840538396634471e-05 -2.2006904457291653e-05
-18.9453125 1.514708717997468e-05 -0.0001233635004374392
-18.75 -0.00013613474268979754 -6.945759521832573e-05
-18.5546875 -0.00013817666571114658 0.00012663485799915605
-18.359375 8.437115853332306e-05 0.00021311041297163445
-18.1640625 0.00027944030685913136 -1.1910515945338305e-06
-17.96875 0.0001248362153571534 -0.0003158268814770041
-17.7734375 -0.0002966700603515839 -0.0002849271033509153
-17.578125 -0.0004556169965660346 0.00019724890677490873
-17.3828125 1.9091616183852583e-06 0.0005970856389252333
-17.1875 0.0006559324958276769 0.00028557732522124877
-16.9921875 0.0006318216175354984 -0.0005743580377230398
-16.796875 -0.00030654210673635 -0.0009676972640396665
-16.6015625 -0.001191228991497621 -0.00015933377448125704
-16.40625 -0.0007783179422289389 0.0011840801411875897
-16.2109375 0.000843632181122424 0.0014336130450616177
-16.015625 0.0019398610712833113 -0.00012738491091917201
-15.8203125 0.0009009343430966327 -0.0020743854465418814
-15.625 -0.0016398220777286289 -0.002041501462304478
-15.4296875 -0.0029664702626616035 0.0005498206742132202
-15.234375 -0.0010857820134694295 0.003283604368663393
-15.0390625 0.002658026123845021 0.002913375147156213
-14.84375 0.004366240596070826 -0.0009692230266548679
-14.6484375 0.001548728644767546 -0.004799826075712654
-14.453125 -0.003722203290950037 -0.004255710124346392
-14.2578125 -0.006209402151897404 0.0010591956482082848
-14.0625 -0.0026541286328761395 0.0064481313343692104
-13.8671875 0.004398395767824231 0.006280281825657746
-13.671875 0.008367568699542822 -0.0002633511879204014
-13.4765625 0.004807835060310253 -0.007695310222581551
-13.28125 -0.0039055148237185392 -0.008943526140468804
-13.0859375 -0.010204004039366565 -0.0020690859458258656
-12.890625 -0.008079729096761652 0.007485658926626878
-12.6953125 0.001283546123353767 0.011478460934680688
-12.5 0.01030774167054559 0.006148666356715677
-12.3046875 0.011525300271421613 -0.004460281962814337
-12.109375 0.0038519451096386942 -0.012007696551522003
-11.9140625 -0.006809858094422171 -0.010791322879706588
-11.71875 -0.012670589780819447 -0.0019710584984351104
-11.5234375 -0.009998209540556944 0.008041541604898372
-11.328125 -0.001089894126151684 0.012791476428520512
-11.1328125 0.008327992729083885 0.009876559170950086
-10.9375 0.01309179808550574 0.0013695006475062516
-10.7421875 0.010874373198816852 -0.008258238892929343
-10.546875 0.002441509184499988 -0.014241069391420391
-10.3515625 -0.008649381874704268 -0.012926133963140985
-10.15625 -0.016566256402575075 -0.0034596590078700396
-9.9609375 -0.015363231321402333 0.010269593636930778
-9.765625 -0.0033061624053175105 0.01984920259747217
-9.5703125 0.013562228917160883 0.017015032104664388
-9.375 0.023298742909211353 0.0008991535979690905
-9.1796875 0.016492922206701132 -0.018470170656705094
-8.984375 -0.004489721214826529 -0.025730957483902514
-8.7890625 -0.024426446732822404 -0.012585047337005635
-8.59375 -0.025912495402313718 0.013002680887199157
-8.3984375 -0.004643476310784731 0.030510744767618364
-8.203125 0.024112664036193773 0.022950907063264466
-8.0078125 0.03570411807095465 -0.007162525692766736
-7.8125 0.016588060636728994 -0.03670703078166422
-7.6171875 -0.021818674174085114 -0.03914340842671496
-7.421875 -0.049314528851913515 -0.00728808801024962
-7.2265625 -0.04029975796096297 0.037684659533762835
-7.03125 0.0038989521998226574 0.06042532102252466
-6.8359375 0.05289260507367137 0.03906250563448962
-6.640625 0.06883212562760561 -0.015614381531663484
-6.4453125 0.035753842245570544 -0.06578086161131359
-6.25 -0.02647202668989953 -0.07389695382387645
-6.0546875 -0.07519751708264169 -0.031094083832266754
-5.859375 -0.07564181484109837 0.035241215191165125
-5.6640625 -0.02609528234521028 0.08057432801082215
-5.46875 0.04093341413469038 0.07461117088382913
-5.2734375 0.08180912045068889 0.02184544900507691
-5.078125 0.07157291541341425 -0.04287853544870197
-4.8828125 0.019218672149718147 -0.07911322740851486
-4.6875 -0.04083747030586224 -0.06724523417105537
-4.4921875 -0.07294764646831654 -0.018668163836754823
-4.296875 -0.062202149819081516 0.03505274720136885
-4.1015625 -0.020240490810288142 0.06399026381321508
-3.90625 0.026119842341602383 0.0569075456828428
-3.7109375 0.05301835325714324 0.023765253719031355
-3.515625 0.05176510376313557 -0.01467787343297953
-3.3203125 0.029176459386424304 -0.04059746254996195
-3.125 -0.0007549237492679895 -0.04693857167795899
-2.9296875 -0.026008776749098638 -0.03661997397581264
-2.734375 -0.04072127835576533 -0.01689216637091293
-2.5390625 -0.04408108071108504 0.005547781858445695
-2.34375 -0.037420704168321176 0.025917916888064947
-2.1484375 -0.022793519792023542 0.04025946084183467
-1.953125 -0.0036814793539736044 0.044543102168619106
-1.7578125 0.013817080149341862 0.03567576220225151
-1.5625 0.0216317809529831 0.014132688126828797
-1.3671875 0.0134423490693052 -0.01392718443075742
-1.171875 -0.010033703818015093 -0.03784745974049923
-0.9765625 -0.03853575456918545 -0.04767916690661223
-0.78125 -0.05626416522589308 -0.0401581512149041
-0.5859375 -0.0510332311238825 -0.020531952127467973
-0.390625 -0.02221858019505177 0.0013900836861084676
-0.1953125 0.018362047055889553 0.01744518296054231
0.0 0.0529716533324627 0.024566081537682145
0.1953125 0.06721117970868938 0.023770446151171326
0.390625 0.05667067317086032 0.017116036540634733
0.5859375 0.0280828189762014 0.00599263023194326
0.78125 -0.005017962160658839 -0.008195988999164511
0.9765625 -0.029612008271986026 -0.022671124220573574
1.171875 -0.03932880400061062 -0.03348520523792904
1.3671875 -0.035961238683441865 -0.03756941593189716
1.5625 -0.026195037147060955 -0.03472649231863545
1.7578125 -0.01663197505927097 -0.027695169474015693
1.953125 -0.010572239695164841 -0.0203562435458007
2.1484375 -0.007734380487767388 -0.015640315799788744
2.34375 -0.005818914295943094 -0.014398518825640515
2.5390625 -0.0023751936450054248 -0.015377766041247208
2.734375 0.003786136260039447 -0.015883176357935274
2.9296875 0.01173991330586605 -0.012865904596392341
3.125 0.018251045939248464 -0.004438112456355949
3.3203125 0.01870133317400299 0.008350431757935012
3.515625 0.00963525703344565 0.02041573600859125
3.7109375 -0.007650073406378375 0.023924433203499032
3.90625 -0.024982047047421706 0.012968652682483586
4.1015625 -0.029993370529732614 -0.010237114705771346
4.296875 -0.014396283648049473 -0.03274321650214269
4.4921875 0.01680478823755125 -0.03671810126319455
4.6875 0.0436818167953514 -0.012817636512254564
4.8828125 0.04277387532584371 0.02809791898348373
5.078125 0.0065249996726391415 0.056937605699916426
5.2734375 -0.04442914277913665 0.04589833583333264
5.46875 -0.07055306492381974 -0.006265164084731679
5.6640625 -0.04315842073371886 -0.06509083216212008
5.859375 0.02672253161078995 -0.08133454229422186
6.0546875 0.08781175756924321 -0.03149688471493401
6.25 0.0850435677381922 0.054573249590727714
6.4453125 0.00863086811131017 0.10845583878346104
6.640625 -0.0872912792154174 0.07708273534603445
6.8359375 -0.12121564889232107 -0.025773845233828113
7.03125 -0.05374112902069814 -0.11960956715865928
7.2265625 0.06891552607183135 -0.11953747078725048
7.421875 0.1437385827479233 -0.01387339740498135
7.6171875 0.09787461102319558 0.11411421588877729
7.8125 -0.03938843663311701 0.15064924159871187
8.0078125 -0.1510966792419809 0.054071373980216865
8.203125 -0.1325497007667291 -0.0975819494812409
8.3984375 0.008240905641091735 -0.1678227916489333
8.59375 0.14737596266497272 -0.08622118472417971
8.7890625 0.1539866219454997 0.07827651787100656
8.984375 0.01624107418148219 0.17324559129757822
9.1796875 -0.13898168338172168 0.10559182894915645
9.375 -0.162409659132689 -0.0634594726837696
9.5703125 -0.029062421872790317 -0.17104380120737958
9.765625 0.13138535475291416 -0.11093170494518576
9.9609375 0.15978326296129913 0.05737985209685807
10.15625 0.028564814782057784 0.16453268839758395
10.3515625 -0.127226565904472 0.10293908762709125
10.546875 -0.14776776096411723 -0.060842184774318436
10.7421875 -0.015647857193223477 -0.15469635364521908
10.9375 0.1258058154933707 -0.08306183417212763
11.1328125 0.12688362374324644 0.07152623414579955
11.328125 -0.006766571347521743 0.1400819314143449
11.5234375 -0.12354050121019892 0.05336683537305943
11.71875 -0.09708159068954546 -0.08448241731579138
11.9140625 0.0337108487051628 -0.11793007531131856
12.109375 0.11519529736042866 -0.017401966472899124
12.3046875 0.0594088241626861 0.09291744506090027
12.5 -0.05810606098442541 0.0863136377722209
12.6953125 -0.0960236617492208 -0.018736010823331394
12.890625 -0.017982191304953515 -0.0898981606244587
13.0859375 0.07172152166539182 -0.046761520261495326
13.28125 0.06473825758513871 0.046464592756213556
13.4765625 -0.01914044440786437 0.0713902356166319
13.671875 -0.06805041645778363 0.0060476111152526265
13.8671875 -0.026186020648889568 -0.057223019288090524
14.0625 0.04188624798371259 -0.03977740022208381
14.2578125 0.04659480464930213 0.024911701772784952
14.453125 -0.008667694107424361 0.04737141985425035
14.6484375 -0.043429431237442064 0.0051817672424110854
14.84375 -0.015709762656610952 -0.03632918603263293
15.0390625 0.027589463072146173 -0.02263908769609478
15.234375 0.026187426597679222 0.01850040287147754
15.4296875 -0.01002772783215646 0.026891229136859932
15.625 -0.025442046062696774 -0.00279233912421079
15.8203125 -0.0028971761409579467 -0.02255528196098622
16.015625 0.01887916499747856 -0.006981949900224582
16.2109375 0.009579409191097793 0.014942762170771179
16.40625 -0.011136434993140803 0.010912916451378638
16.6015625 -0.011252813835400666 -0.007715795669456072
16.796875 0.00482017053890165 -0.01087247722347921
16.9921875 0.010019526093635414 0.002497917703897406
17.1875 -0.0007329088613100156 0.008900198673950747
17.3828125 -0.007673894401844493 0.0005314911581745362
17.578125 -0.0013728675984224638 -0.006454708464880167
17.7734375 0.0053171237840905486 -0.0018752233548941025
17.96875 0.0021192015625437783 0.004303618045815624
18.1640625 -0.0034325963431937373 0.0021763142529634305
18.359375 -0.00210624498325922 -0.0027056567463105705
18.5546875 0.0021136763457205994 -0.001956305450104328
18.75 0.0017622490532340064 0.0016415500760718592
18.9453125 -0.0012716350792992988 0.0015498162387852438
19.140625 -0.0013365633485454011 -0.00098607560500109
19.3359375 0.0007682339205064986 -0.0011336813853799015
19.53125 0.000947633447008331 0.0006034541573763999
19.7265625 -0.0004793597103507088 0.0007815302821019008
19.921875 -0.0006362251611146442 -0.00038584809813923084
20.1171875 0.0003149091057131031 -0.0005111454173564989
20.3125 0.00040489566628695145 0.00026035581010164563
20.5078125 -0.0002175271808571393 0.0003156749105836336
20.703125 -0.00024155029866908834 -0.0001829983876770979
20.8984375 0.00015431950435469737 -0.0001806252942689142
21.09375 0.0001311325409830196 0.00012979165085277134
21.2890625 -0.00010828137760675786 9.147551252979188e-05
21.484375 -6.0238139876673254e-05 -8.907042172724407e-05
21.6796875 7.173710131449477e-05 -3.6176115355400105e-05
21.875 1.8198395282431066e-05 5.606457796989522e-05
22.0703125 -4.1970280478510954e-05 5.344716300524203e-06
22.265625 3.236264957634869e-06 -2.9451773857328647e-05
22.4609375 1.8546180934437648e-05 8.305665559149286e-06
22.65625 -1.0549580480606918e-05 9.300570242975175e-06
22.8515625 -1.7503016566004901e-06 -1.0590788564302085e-05
23.046875 8.99634507825979e-06 4.096679472699051e-06
23.2421875 -8.270089619694113e-06 6.281183774963432e-06
23.4375 -2.9090848014908027e-06 -1.0842721721370418e-05
23.6328125 1.1932502708860386e-05 7.080529206713629e-07
23.828125 -4.2127973241995395e-06 1.1702012543192888e-05
24.0234375 -1.0355041474074258e-05 -7.306337542868137e-06
24.21875 9.752838488449035e-06 -8.13014026169181e-06
24.4140625 5.2921544531789516e-06 1.138312881364952e-05
24.609375 -1.2097960209294463e-05 2.1221916940233852e-06
24.8046875 1.0946641292384098e-06 -1.1870518902646688e-05
25.0 1.0746631799565154e-05 4.084004534122405e-06
25.1953125 -6.597889653776043e-06 8.841517911455767e-06
25.390625 -6.333074172757191e-06 -8.430767297536898e-06
25.5859375 9.435310002347474e-06 -3.451275082995519e-06
25.78125 4.6231956044304134e-07 9.537050570029206e-06
25.9765625 -8.745079393785747e-06 -2.3528877626071336e-06
26.171875 4.724376666650961e-06 -7.156264504217878e-06
26.3671875 4.951711077731103e-06 6.420828376601261e-06
26.5625 -7.277516803100881e-06 2.384186864535699e-06
26.7578125 2.450511050888925e-07 -7.221236174579499e-06
26.953125 6.287091801045582e-06 2.619697908908796e-06
27.1484375 -4.44859921493837e-06 4.622421561042306e-06
27.34375 -2.4752916258183052e-06 -5.5075003206929844e-06
27.5390625 5.676647422187167e-06 -1.666089734483021e-07
27.734375 -1.9534886473867646e-06 4.967287646824913e-06
27.9296875 -3.529253999193513e-06 -3.5605274113618534e-06
28.125 4.412743516895827e-06 -1.6342184477245815e-06
28.3203125 -3.6564071093653036e-07 4.398898226500834e-06
28.515625 -3.5661422102164797e-06 -2.098763589940413e-06
28.7109375 3.2459188519244022e-06 -2.1191252626458416e-06
28.90625 3.8537925479155723e-07 3.6085451757308614e-06
29.1015625 -3.1566529418889713e-06 -1.2504290160516747e-06
29.296875 2.4312390028833422e-06 -2.04135802340017e-06
29.4921875 5.6474704081278e-07 2.912139940786916e-06
29.6875 -2.623194184614839e-06 -8.9005486088701e-07
29.8828125 1.954991982543092e-06 -1.6913386947542631e-06
30.078125 4.100752125042736e-07 2.375743477195281e-06
30.2734375 -2.0840281982522437e-06 -8.401881348518631e-07
30.46875 1.7016355867137325e-06 -1.2187226735607344e-06
30.6640625 8.475739410760846e-08 1.9466371728670427e-06
30.859375 -1.5487947068329277e-06 -9.421110098576948e-07
31.0546875 1.5375397757402616e-06 -6.908401198485656e-07
31.25 -2.9855368541450326e-07 1.5376986276262037e-06
31.4453125 -9.947708752105983e-07 -1.0615890096560829e-06
31.640625 1.3416031604660664e-06 -1.5458086226516562e-07
31.8359375 -6.394685069905264e-07 1.0774792786833759e-06
32.03125 -4.230583461738493e-07 -1.0820820928401206e-06
32.2265625 1.028073005768854e-06 3.2021692363633996e-07
32.421875 -8.332073499760239e-07 5.483348499818644e-07
32.6171875 1.0772574541912017e-07 -9.172185790003902e-07
32.8125 5.780353715313427e-07 6.296069073310433e-07
33.0078125 -7.90552076322967e-07 1.5256258063833294e-08
33.203125 4.801573464573727e-07 -5.514075459901535e-07
33.3984375 7.170438665983472e-08 6.719731063038239e-07
33.59375 -4.954574909941004e-07 -3.79810321280907e-07
33.7890625 5.704429812288535e-07 -8.283836210661635e-08
33.984375 -3.179376650364912e-07 4.265604322522909e-07
34.1796875 -6.526837399478178e-08 -4.865115598120619e-07
34.375 3.5327508641616747e-07 2.8325182803036355e-07
34.5703125 -4.164873674940239e-07 3.061441965331623e-08
34.765625 2.654693829502816e-07 -2.788989428330611e-07
34.9609375 -1.2985555959251867e-08 3.5463259073357047e-07
35.15625 -2.0427800778951867e-07 -2.551912701130985e-07
35.3515625 2.9512789391705753e-07 5.8737545416539354e-08
35.546875 -2.4418845644873114e-07 1.304622331483861e-07
35.7421875 1.003201680834906e-07 -2.3401577072402246e-07
35.9375 5.976230444410286e-08 2.2635965931515066e-07
36.1328125 -1.6984662539713387e-07 -1.3227641491074267e-07
36.328125 1.9793848168755547e-07 4.563492171585749e-09
36.5234375 -1.5000704940477536e-07 1.0327149156896951e-07
36.71875 5.8190605903888675e-08 -1.570803519165551e-07
36.9140625 3.7407313501635115e-08 1.4941563260979724e-07
37.109375 -1.0467853270376686e-07 -9.526082243428578e-08
37.3046875 1.28196779758679e-07 2.120107788533798e-08
37.5 -1.0984621170328856e-07 4.62041758426305e-08
37.6953125 6.36693513746547e-08 -8.869816182418069e-08
37.890625 -8.409021856354326e-09 9.960791225507963e-08
38.0859375 -3.918612725729432e-08 -8.266787701215753e-08
38.28125 6.84978179346843e-08 4.8156838215781584e-08
38.4765625 -7.621643172493879e-08 -8.344124845579743e-09
38.671875 6.517982885610144e-08 -2.6235455680305535e-08
38.8671875 -4.195347721503171e-08 4.892174316866854e-08
39.0625 1.4209139232022598e-08 -5.743458091732491e-08
39.2578125 1.1356282156231243e-08 5.315500905412788e-08
39.453125 -3.022380638595635e-08 -3.9769699122895545e-08
39.6484375 4.038325044281536e-08 2.1819195767563417e-08
39.84375 -4.201077841300859e-08 -3.520262237646235e-09
40.0390625 3.67890587768508e-08 -1.1966451592883528e-08
40.234375 -2.714104672181514e-08 2.2817648298185498e-08
40.4296875 1.5568524611583502e-08 -2.8475211845664224e-08
40.625 -4.193134982167273e-09 2.9358974924102017e-08
40.8203125 -5.481370766089112e-09 -2.6496751110655245e-08
41.015625 1.2619032008763524e-08 2.117137092716363e-08
41.2109375 -1.6971867353667684e-08 -1.4643455574622339e-08
41.40625 1.8731295572675285e-08 7.971918137201678e-09
41.6015625 -1.8361236862345262e-08 -1.92760183056343e-09
41.796875 1.644741084853211e-08 -3.0196548243187046e-09
41.9921875 -1.3581109007747363e-08 6.665399168093154e-09
42.1875 1.028276770027837e-08 -9.009897711560916e-09
42.3828125 -6.962089459523717e-09 1.0190944566692514e-08
42.578125 3.9068566641455524e-09 -1.0422315237575755e-08
42.7734375 -1.2911841657473162e-09 9.944485970753498e-09
42.96875 -8.052204448297057e-10 -8.98974921742973e-09
43.1640625 2.3735244950149142e-09 7.76079955915386e-09
43.359375 -3.4526878924166556e-09 -6.4204875298808e-09
43.5546875 4.109420945595745e-09 5.0897028775201625e-09
43.75 -4.422507595435502e-09 -3.850470094891533e-09
43.9453125 4.471654035341125e-09 2.7519844978752547e-09
44.140625 -4.330264710696219e-09 -1.8176667789397345e-09
44.3359375 4.0615552481316355e-09 1.0521040350260363e-09
44.53125 -3.717026375509269e-09 -4.4723534428334493e-10
44.7265625 3.3365225351641033e-09 -1.268036529643121e-11
44.921875 -2.949350737383389e-09 3.472129303217709e-10
45.1171875 2.5758146573565153e-09 -5.770142227249812e-10
45.3125 -2.22892832701846e-09 7.220560948689732e-10
45.5078125 1.916093953697296e-09 -8.004873787412912e-10
45.703125 -1.640543881765666e-09 8.281220554390075e-10
45.8984375 1.4025827933152751e-09 -8.182710054564234e-10
46.09375 -1.2005748604562123e-09 7.817654032453569e-10
46.2890625 1.031698845909862e-09 -7.272215726036947e-10
46.484375 -8.924984557883138e-10 6.612913705903334e-10
46.6796875 7.792794956395836e-10 -5.889576953449885e-10
46.875 -6.883908179654679e-10 5.138623026255243e-10
47.0703125 6.163594168902586e-10 -4.385494052371881e-10
47.265625 -5.600096613204745e-10 3.64707850435809e-10
47.4609375 5.165087193964831e-10 -2.9337658163831867e-10
47.65625 -4.833513278199089e-10 2.2511193760835514e-10
47.8515625 4.583703074186375e-10 -1.601087870742055e-10
48.046875 -4.3970036390473844e-10 9.831482265424748e-11
48.2421875 4.2574069581202564e-10 -3.9523323143948634e-11
48.4375 -4.15121459073062e-10 -1.6587799047969755e-11
48.6328125 4.0666833317240113e-10 7.038375719939961e-11
48.828125 -3.9936597041027835e-10 -1.2224187069927995e-10
49.0234375 3.9232954127097697e-10 1.725343220790359e-10
49.21875 -3.847692256321918e-10 -2.215858500618876e-10
49.4140625 3.759859039162525e-10 2.6967609175190546e-10
49.609375 -3.653324309374198e-10 -3.1701331171518287e-10
49.8046875 3.5221236772080296e-10 3.637223013899803e-10

