-50.0 2.37319652686781e-10 -5.649759619609301e-10
-49.8046875 -2.528758660742749e-10 5.75615156321829e-10
-49.609375 2.7018998565404996e-10 -5.862682591110915e-10
-49.4140625 -2.8940377890989707e-10 5.967870478011228e-10
-49.21875 3.1070418845639983e-10 -6.067123381715807e-10
-49.0234375 -3.342011841854572e-10 6.158704244528916e-10
-48.828125 3.5969799906574705e-10 -6.245430885108653e-10
-48.6328125 -3.872445309207922e-10 6.327438099150279e-10
-48.4375 4.172665018663927e-10 -6.399108518192216e-10
-48.2421875 -4.49716693141338e-10 6.456671523025197e-10
-48.046875 4.845457489416659e-10 -6.499908689233474e-10
-47.8515625 -5.221140483843315e-10 6.527040318678168e-10
-47.65625 5.623747259392374e-10 -6.534718892762089e-10
-47.4609375 -6.052145720284069e-10 6.520222966720877e-10
-47.265625 6.507453624398339e-10 -6.480529165834238e-10
-47.0703125 -6.99163292867585e-10 6.413250379538183e-10
-46.875 7.505687541584388e-10 -6.314247867861187e-10
-46.6796875 -8.053582859224084e-10 6.175938813227975e-10
-46.484375 8.637815483198727e-10 -5.989807641754634e-10
-46.2890625 -9.257992062364782e-10 5.750048812334967e-10
-46.09375 9.916337635836326e-10 -5.446034206454456e-10
-45.8984375 -1.0610833854610274e-09 5.054067923907523e-10
-45.703125 1.1327338573167406e-09 -4.5478927243305674e-10
-45.5078125 -1.204203650182761e-09 3.90871945747045e-10
-45.3125 1.2725622510987631e-09 -3.1244338993440873e-10
-45.1171875 -1.3344797643648103e-09 2.1900310484618416e-10
-44.921875 1.3856197028371982e-09 -1.1089953528632546e-10
-44.7265625 -1.4210782108444037e-09 -9.929832192179432e-12
-44.53125 1.4365287649821902e-09 1.394822733302187e-10
-44.3359375 -1.4291974516895164e-09 -2.718142389473738e-10
-44.140625 1.3989903702940504e-09 3.99823994708912e-10
-43.9453125 -1.3488345853640093e-09 -5.16448441507671e-10
-43.75 1.284759986378855e-09 6.161757207858873e-10
-43.5546875 -1.214951906871437e-09 -6.96834262662753e-10
-43.359375 1.1481784481469754e-09 7.605182005968284e-10
-43.1640625 -1.0917550490126888e-09 -8.143200405208491e-10
-42.96875 1.0477850471913759e-09 8.693369477589275e-10
-42.7734375 -1.0110725997148906e-09 -9.369683129276482e-10
-42.578125 9.695536779524903e-10 1.024880023157647e-09
-42.3828125 -9.065482660880816e-10 -1.133135885220105e-09
-42.1875 8.052159319585499e-10 1.2509597176648642e-09
-41.9921875 -6.5517325913098e-10 -1.3568196241867906e-09
-41.796875 4.59197835768116e-10 1.423282207178624e-09
-41.6015625 -2.368484456598747e-10 -1.4250938724587184e-09
-41.40625 2.189985043045533e-11 1.3493215490890836e-09
-41.2109375 1.4630002278444347e-10 -1.2036843153813286e-09
-41.015625 -2.357355413388076e-10 1.0188950729217285e-09
-40.8203125 2.3534236569377646e-10 -8.417383769339693e-10
-40.625 -1.6321305827604753e-10 7.210709950918152e-10
-40.4296875 6.664465433826424e-11 -6.893942614235607e-10
-40.234375 -8.911768080791827e-12 7.43647183309073e-10
-40.0390625 4.259199288614734e-11 -8.381355116361564e-10
-39.84375 -1.8091229997871246e-10 8.970899562865109e-10
-39.6484375 3.8203793086305775e-10 -8.457526613712787e-10
-39.453125 -5.561757454431924e-10 6.480847605841229e-10
-39.2578125 5.975209334701621e-10 -3.36011483588692e-10
-39.0625 -4.3503817675777e-10 1.4314639464281973e-11
-38.8671875 8.101938661644972e-11 1.7306367605091576e-10
-38.671875 3.506944127099667e-10 -1.089135296752096e-10
-38.4765625 -6.790659223339968e-10 -2.2704070391454652e-10
-38.28125 7.361891664445777e-10 7.246660519728732e-10
-38.0859375 -4.5813656638437457e-10 -1.1743368549644662e-09
-37.890625 -6.114467500805622e-11 1.3585581702168332e-09
-37.6953125 5.924463895060253e-10 -1.1671527695127552e-09
-37.5 -8.753494376284056e-10 6.742068838369319e-10
-37.3046875 7.593900256984413e-10 -1.2289941454671954e-10
-37.109375 -3.032635140618871e-10 -1.9231511217309502e-10
-36.9140625 -2.3777823402552434e-10 9.096928917890267e-11
-36.71875 5.432673672711099e-10 3.7984699700498555e-10
-36.5234375 -4.068213804594095e-10 -9.554673105573477e-10
-36.328125 -1.371355607435094e-10 1.2903223863410822e-09
-36.1328125 8.176615285761662e-10 -1.1501773385483687e-09
-35.9375 -1.2665352715888968e-09 5.494396853923192e-10
-35.7421875 1.215264871397301e-09 2.447341815309023e-10
-35.546875 -6.443031196364593e-10 -8.426219024777698e-10
-35.3515625 -1.9122059480419596e-10 9.300722373212624e-10
-35.15625 8.719106751078914e-10 -4.4259434085419604e-10
-34.9609375 -1.022025792635727e-09 -3.675401557365813e-10
-34.765625 5.356195946850454e-10 1.0209970390546715e-09
-34.5703125 2.9565177637321004e-10 -1.059349776340318e-09
-34.375 -8.719920671011033e-10 3.651655418277603e-10
-34.1796875 6.371261906577753e-10 6.451571199423553e-10
-33.984375 4.645854758501892e-10 -1.1755746591661192e-09
-33.7890625 -1.7688181767942027e-09 5.922500948373362e-10
-33.59375 2.2310145386699975e-09 9.625166615218114e-10
-33.3984375 -1.2529725082292825e-09 -2.4448609041122946e-09
-33.203125 -6.206968814816475e-10 2.6087945903753572e-09
-33.0078125 1.9018430384766154e-09 -1.1410171880511765e-09
-32.8125 -1.3755349326248012e-09 -7.984966228206155e-10
-32.6171875 -6.303337270218128e-10 1.4035435574648656e-09
-32.421875 2.276045135261962e-09 7.225112590508777e-11
-32.2265625 -1.853021275649052e-09 -2.3628897212940458e-09
-32.03125 -3.9964429982350055e-10 3.2253608714783104e-09
-31.8359375 2.3092301427829397e-09 -1.7165256404367655e-09
-31.640625 -1.9353858393652732e-09 -6.524662302931841e-10
-31.4453125 -2.7061859526597795e-10 1.3985099849059944e-09
-31.25 1.8529080510496183e-09 1.920269076250473e-10
-31.0546875 -1.1179214609802406e-09 -2.200601406283567e-09
-30.859375 -8.736378294025803e-10 2.3295081722493167e-09
-30.6640625 1.6473351529761164e-09 -6.916265973619818e-10
-30.46875 -4.720297553821586e-10 -4.139884234039315e-10
-30.2734375 -7.495412962373294e-10 -3.8129140699702864e-10
-30.078125 2.1610039517147073e-10 1.6483316629565799e-09
-29.8828125 1.1208858954668747e-09 -1.2930473853961062e-09
-29.6875 -9.317273632571455e-10 -1.9815177410384486e-10
-29.4921875 -8.067785628993609e-10 2.8528288219668325e-10
-29.296875 1.397293749788653e-09 1.664551647464424e-09
-29.1015625 5.154978234743157e-10 -2.9166383673777017e-09
-28.90625 -2.3511210307715675e-09 1.3046785877708105e-09
-28.7109375 1.1161235705391928e-09 9.628984324232077e-10
-28.515625 1.6059039679164537e-09 -9.475354090086872e-11
-28.3203125 -1.326068788418685e-09 -3.203529686565126e-09
-28.125 -2.405124965828158e-09 3.953480188324835e-09
-27.9296875 4.445147583224969e-09 -3.2869195253768613e-10
-27.734375 -1.507249273432125e-09 -2.821646524503669e-09
-27.5390625 -2.3197488898460714e-09 8.785774488469707e-10
-27.34375 1.412625490654557e-09 3.208397887354267e-09
-27.1484375 2.581313635644851e-09 -3.267889312525466e-09
-26.953125 -3.366053239050365e-09 -2.8960356054235053e-10
-26.7578125 3.622044893811558e-10 1.3324739477704443e-09
-26.5625 5.330022063329324e-10 1.4107386281485125e-09
-26.3671875 2.4423326747261596e-09 -2.166342630400581e-09
-26.171875 -3.464668033661617e-09 -1.2846644675969219e-09
-25.9765625 -2.5349099211389e-10 2.9536964860160224e-09
-25.78125 2.5885673003124065e-09 6.749112377871383e-10
-25.5859375 7.707149600613701e-10 -3.4523368013673113e-09
-25.390625 -3.773343308002392e-09 2.6911406200240037e-10
-25.1953125 5.706606073284934e-10 2.9612227321260264e-09
-25.0 3.063279575218495e-09 3.553104778234369e-10
-24.8046875 2.548747510873788e-10 -4.624263215508508e-09
-24.609375 -5.233663816721762e-09 1.6271555338138599e-09
-24.4140625 2.8932670881023393e-09 3.829814506503338e-09
-24.21875 2.587765380813176e-09 -2.2253377397370967e-09
-24.0234375 -1.4432151476630692e-09 -2.8640233860476824e-09
-23.828125 -3.1590551092429506e-09 1.7013129578573153e-09
-23.6328125 1.620690528482946e-09 2.652331843385927e-09
-23.4375 2.845370756952021e-09 -6.97271164734617e-10
-23.2421875 -7.308029551681658e-10 -4.064157720263035e-09
-23.046875 -4.161128528748751e-09 2.0849919717625e-09
-22.8515625 2.340115946493144e-09 2.5080606516361156e-09
-22.65625 1.6160242885231292e-09 -4.626424200286672e-10
-22.4609375 1.2031040476045794e-09 -2.9415495245609357e-09
-22.265625 -4.555302599757349e-09 -8.960635377095186e-10
-22.0703125 6.117925672804035e-12 4.654546474783413e-09
-21.875 4.119238767658375e-09 9.140812724306445e-12
-21.6796875 3.503372438764537e-10 -3.931032343672199e-09
-21.484375 -3.517057978858944e-09 -5.982897534211515e-10
-21.2890625 -1.5996413094285298e-09 2.9202987958727575e-09
-21.09375 3.4574239561851548e-09 3.048981131584848e-09
-20.8984375 3.1459063299559906e-09 -4.8418851675489976e-09
-20.703125 -4.9460447196300045e-09 -1.9605951537811676e-09
-20.5078125 -1.7503197408049885e-09 3.550004567876858e-09
-20.3125 2.7922566467566043e-09 3.0767966167246057e-09
-20.1171875 4.173386932667506e-09 -3.3856629616224954e-09
-19.921875 -3.840784969836037e-09 -4.647874774159241e-09
-19.7265625 -6.126127989050927e-09 4.135042873665017e-09
-19.53125 5.902936729789336e-09 8.602853170654782e-09
-19.3359375 1.0693333877134757e-08 -8.630340005626265e-09
-19.140625 -1.0119035054364878e-08 -1.3828511143477899e-08
-18.9453125 -2.154659843039823e-08 1.1088475114619773e-08
-18.75 1.4205752502306805e-08 3.4248131334924175e-08
-18.5546875 4.9798134558227525e-08 -1.7920097236140105e-08
-18.359375 -1.633629988224025e-08 -7.002903609942302e-08
-18.1640625 -1.0068068425808204e-07 5.749012526668411e-09
-17.96875 -1.5272437132342628e-08 1.438707291128704e-07
-17.7734375 1.960146906162371e-07 5.345867157858498e-08
-17.578125 1.2271134965289627e-07 -2.5329885529016697e-07
-17.3828125 -3.1089721416697726e-07 -2.3725271691174744e-07
-17.1875 -4.091797331876386e-07 3.53162865989186e-07
-16.9921875 3.486699825140866e-07 6.526455992145931e-07
-16.796875 9.793962417376883e-07 -2.5385148489741637e-07
-16.6015625 -1.1591967592524635e-08 -1.3815895882612541e-06
-16.40625 -1.816784571016679e-06 -4.560642115401325e-07
-16.2109375 -1.2414534717141061e-06 2.199136975092173e-06
-16.015625 2.3823147148770394e-06 2.4219760046480955e-06
-15.8203125 4.02088983073276e-06 -2.1344528901428687e-06
-15.625 -1.1334737186732033e-06 -5.961152155193121e-06
-15.4296875 -7.995816307061975e-06 -9.950665206344634e-07
-15.234375 -4.597531734849448e-06 9.61822109053451e-06
-15.0390625 9.996805457375636e-06 9.859571522946732e-06
-14.84375 1.6594627453725334e-05 -7.987360482572901e-06
-14.6484375 -2.264644278544724e-06 -2.3960084659215457e-05
-14.453125 -3.018036416979096e-05 -8.370332424950869e-06
-14.2578125 -2.443824212889661e-05 3.2405782086065545e-05
-14.0625 2.6864518317602304e-05 4.498547223893142e-05
-13.8671875 6.669696503599922e-05 -9.506764537494333e-06
-13.671875 2.2659659610331644e-05 -8.323639536813062e-05
-13.4765625 -8.52819171312184e-05 -6.950679379961425e-05
-13.28125 -0.00012532427763741616 6.184703619040171e-05
-13.0859375 3.4328262560580107e-06 0.00017676094141024588
-12.890625 0.00020244893434163627 9.287582359285465e-05
-12.6953125 0.0002171833374638161 -0.0001758891851521322
-12.5 -7.293772950817552e-05 -0.00034150748529530525
-12.3046875 -0.00041876551738776347 -0.00011600575851773796
-12.109375 -0.0003714166976684518 0.0003898816317271017
-11.9140625 0.00020180315080364303 0.0006331137006562981
-11.71875 0.0007998848132281552 0.0001643566648075435
-11.5234375 0.0006619153314608696 -0.0007487245863742118
-11.328125 -0.0003780290027567934 -0.0011578199022173397
-11.1328125 -0.0014408132077863454 -0.0003307321723075345
-10.9375 -0.0012525810304426827 0.0012743801688724294
-10.7421875 0.0004967286231694073 0.0020929869860915043
-10.546875 0.0024332454808864076 0.0008548295619207343
-10.3515625 0.002447313687640676 -0.001869151731807655
-10.15625 -0.0002258261786760946 -0.003654925681720701
-9.9609375 -0.0037223767146783624 -0.0022245388091913128
-9.765625 -0.004665116490467971 0.0020942180448195184
-9.5703125 -0.0011812501784268469 0.005886815929402233
-9.375 0.004748384121027491 0.005168730340353316
-9.1796875 0.008123893430948506 -0.0008449017098266698
-8.984375 0.004907433427828338 -0.008088212993679076
-8.7890625 -0.003913065877300423 -0.010179525812119708
-8.59375 -0.011948690733327896 -0.0037060018889659846
-8.3984375 -0.01183981930712157 0.007982217985299106
-8.203125 -0.0014991921082019926 0.01614664976980978
-8.0078125 0.012933981570814088 0.012977144493207082
-7.8125 0.02052875799153251 -0.0016611316502591635
-7.6171875 0.013581600292026468 -0.01860471449512193
-7.421875 -0.00561127967667607 -0.02501115707045961
-7.2265625 -0.02481312068076964 -0.013779202048804062
-7.03125 -0.02960229286688196 0.010080231077392674
-6.8359375 -0.013839730809132901 0.031366698469857957
-6.640625 0.014681106213226335 0.03439611918079782
-6.4453125 0.03803018491105799 0.014167371972261157
-6.25 0.03951576677608523 -0.01889236443636754
-6.0546875 0.01524807459798537 -0.044454366818550216
-5.859375 -0.02206336281876765 -0.04499478780766527
-5.6640625 -0.05010338135233646 -0.017520138414357282
-5.46875 -0.05062565838014973 0.023504742418078706
-5.2734375 -0.021172039173858157 0.054265795953033
-5.078125 0.022698920566535986 0.055874565828076005
-4.8828125 0.05623437036181399 0.025964626752708008
-4.6875 0.06000041713390444 -0.01955495987306521
-4.4921875 0.031269977848279354 -0.05561814449131115
-4.296875 -0.014462860685702204 -0.06240361668007898
-4.1015625 -0.0524942643333243 -0.036435351369239234
-3.90625 -0.06287107605540997 0.007930812738795723
-3.7109375 -0.04110975833789496 0.04705374136514367
-3.515625 0.00018799532755919113 0.06122124809333738
-3.3203125 0.03913088605212463 0.04486936679876722
-3.125 0.05673929870484662 0.00840413622074165
-2.9296875 0.046519105472914955 -0.028645985077251898
-2.734375 0.016480927626752157 -0.048605803761279695
-2.5390625 -0.016667626219644672 -0.044414384401251235
-2.34375 -0.03712281554153869 -0.02174977143980582
-2.1484375 -0.037763234564685104 0.005751597103532257
-1.953125 -0.022219044259711142 0.024643292708366925
-1.7578125 -0.001022105981127107 0.028301584831748158
-1.5625 0.015071442220893324 0.018738059190172462
-1.3671875 0.020424050346339394 0.0035295012497393386
-1.171875 0.015876943580694046 -0.009410366302865743
-0.9765625 0.006328307639645793 -0.015791214315894638
-0.78125 -0.0030656467499180304 -0.015754927685284376
-0.5859375 -0.009457547260627815 -0.012075344053620195
-0.390625 -0.012607975682362495 -0.0077556209222323785
-0.1953125 -0.013677946937372265 -0.00468272747648541
0.0 -0.013873029038991003 -0.0036052998336661155
0.1953125 -0.013672730176851083 -0.004676160552714042
0.390625 -0.012624266957301762 -0.007742349225589379
0.5859375 -0.009560205395687447 -0.01207654704830963
0.78125 -0.0033598329987866086 -0.015863601487111974
0.9765625 0.005745218423966452 -0.016245022357778423
1.171875 0.015055449787865325 -0.010635391965816346
1.3671875 0.019782521895869626 0.001005407457212167
1.5625 0.015575082579108928 0.014596358154497674
1.7578125 0.0020570491976223807 0.02294699989586407
1.953125 -0.015215184628905743 0.01969065920444732
2.1484375 -0.0265695935287473 0.004069850682931341
2.34375 -0.023640583211620058 -0.016839238232576333
2.5390625 -0.005403974707491112 -0.03085109248644541
2.734375 0.01937027883827342 -0.027660747446470863
2.9296875 0.03584036274081167 -0.0061814642388763755
3.125 0.03178766837356135 0.022808417044542954
3.3203125 0.006344604088358532 0.04155016972933541
3.515625 -0.027248198059123263 0.03592843482807604
3.7109375 -0.047967099758003014 0.0056912983631615364
3.90625 -0.039868933788034626 -0.03285533927913329
4.1015625 -0.003888737035292681 -0.05502739895951869
4.296875 0.039835582240027353 -0.043256203137662645
4.4921875 0.06257310280841265 -0.0004821364322128748
4.6875 0.045568426240400584 0.04838828680256128
4.8828125 -0.005086352061023472 0.07028761450283544
5.078125 -0.058632424977041527 0.04608355858228117
5.2734375 -0.07761126288250116 -0.013431553795575276
5.46875 -0.04386204746129522 -0.07049322185556957
5.6640625 0.025129976420841502 -0.08364487612872047
5.859375 0.08354384527684942 -0.03777029645020268
6.0546875 0.08706373579937443 0.04055173388628113
6.25 0.026584738998021114 0.09680922687829414
6.4453125 -0.05960123392007308 0.08608778589290235
6.640625 -0.10856642352584245 0.009225139902969972
6.8359375 -0.07858058028854656 -0.08136982445436924
7.03125 0.01483959993008524 -0.11621831465869759
7.2265625 0.10375175683220648 -0.0623702075814396
7.421875 0.1163694500615949 0.04500719986388065
7.6171875 0.03587846307137379 0.12315353451326913
7.8125 -0.07886128032882253 0.10527353279681947
8.0078125 -0.13452312420986864 -0.0009235769888029059
8.203125 -0.07980799113776577 -0.11161979243947882
8.3984375 0.045376793783238945 -0.13199576567752697
8.59375 0.13610749685416876 -0.03900071869069184
8.7890625 0.11041249556101528 0.09121152656063632
8.984375 -0.01416309872532627 0.1437504623872308
9.1796875 -0.1285183673666558 0.0677080056633112
9.375 -0.1269676638267564 -0.071367685145132
9.5703125 -0.007623695069012441 -0.14540018089959156
9.765625 0.11915194776616234 -0.08281477976234129
9.9609375 0.13175484968871673 0.05851665024689763
10.15625 0.01678676960451652 0.14179270177425968
10.3515625 -0.11273752933687894 0.0846277046007073
10.546875 -0.1271981460436511 -0.055373012992696743
10.7421875 -0.013020980279016723 -0.13545985440610317
10.9375 0.11038946048487665 -0.07428178733556894
11.1328125 0.11428475880737639 0.06125286792825922
11.328125 -0.001962601197932755 0.1259256809486223
11.5234375 -0.10973931465389757 0.05310785225437633
11.71875 -0.09263309511122446 -0.07247925404336782
11.9140625 0.024460649750465375 -0.11041116528197899
12.109375 0.10580418136850506 -0.023396729302988573
12.3046875 0.06203911478114264 0.0828108068066764
12.5 -0.04831141076923394 0.08579505588526425
12.6953125 -0.09282137247362351 -0.010088523392385725
12.890625 -0.024880696939055834 -0.08464621629134474
13.0859375 0.06513919649038662 -0.05156015839304222
13.28125 0.06732998540673374 0.03927558425759732
13.4765625 -0.012002630548598835 0.07188168243171701
13.671875 -0.06671387276711008 0.012594810146570623
13.8671875 -0.03175239137749848 -0.05443857124161892
14.0625 0.03808290406578501 -0.044130280980406666
14.2578125 0.04964806701922959 0.02051527167820399
14.453125 -0.004060740038928393 0.04916056881898981
14.6484375 -0.04407925242759438 0.009685541824233786
14.84375 -0.01987704327177979 -0.03601993994122446
15.0390625 0.026526269554326912 -0.026316739000341073
15.234375 0.02929392457199489 0.01688870087633495
15.4296875 -0.008055975976030997 0.029403287880234618
15.625 -0.027379541566935364 -0.0006217434246583532
15.8203125 -0.0051370127949140285 -0.023966792251691023
16.015625 0.019829570810640438 -0.009192971686594107
16.2109375 0.011692197522539794 0.015503563236416435
16.40625 -0.011378843667697034 0.012882279000100463
16.6015625 -0.013052901593658062 -0.007706299427599189
16.796875 0.004618072191645442 -0.012492108903707085
16.9921875 0.01145809723971849 0.002154317283432783
17.1875 -0.00029064161260221793 0.01016433002643279
17.3828125 -0.008774823942990999 0.0010373452991984755
17.578125 -0.0019141810899985223 -0.007406342209218913
17.7734375 0.006134625092958592 -0.002429912609063735
17.96875 0.0026703265961136842 0.0050024176026689385
18.1640625 -0.004027720054753469 0.0027112421706376073
18.359375 -0.002615898762483384 -0.0032112849231639073
18.5546875 0.0025428678399838454 -0.002434505310810645
18.75 0.0022051450613107945 0.0020060875311278888
18.9453125 -0.001581961371904644 0.001955402432771972
19.140625 -0.0017042623001449757 -0.001251295939221362
19.3359375 0.0009961630131279531 -0.001463993374626254
19.53125 0.0012418463989871196 0.0008006963532425199
19.7265625 -0.0006514137120487002 0.001041482955880227
19.921875 -0.0008641151330874412 -0.0005372260392584807
20.1171875 0.0004492601693712559 -0.000709377136367588
20.3125 0.0005759648205892288 0.00038058951149364515
20.5078125 -0.00032593344051733397 0.00046208208823335427
20.703125 -0.00036573668547601934 -0.00028135932731705574
20.8984375 0.00024400854838585017 -0.00028492711667372724
21.09375 0.0002177519976797542 0.00021186002764184627
21.2890625 -0.00018353337990006566 0.00016246306980166104
21.484375 -0.00011748131625019787 -0.00015812587660235153
21.6796875 0.00013507953595299788 -8.139412959967507e-05
21.875 5.2943197104193506e-05 0.00011407743841454574
22.0703125 -9.496435886823642e-05 3.1006059539085834e-05
22.265625 -1.457598994997998e-05 -7.768383233571159e-05
22.4609375 6.222867072368083e-05 -2.7465201555717975e-06
22.65625 -5.298650359779995e-06 4.8606159050268434e-05
22.8515625 -3.6815394853664894e-05 -1.0294203898445142e-05
23.046875 1.2900310817072982e-05 -2.6830872168909535e-05
23.2421875 1.8590993629238272e-05 1.3704751947825322e-05
23.4375 -1.3220809232159285e-05 1.1994652275205329e-05
23.6328125 -6.9052995900449e-06 -1.1886207712928686e-05
23.828125 1.006485336203656e-05 -3.1573667848414673e-06
24.0234375 5.630437664086225e-07 8.048409853906562e-06
24.21875 -6.057398237343538e-06 -1.0781778425017016e-06
24.4140625 1.9674147753979953e-06 -4.24543905323047e-06
24.609375 2.707476282692369e-06 2.295915567747865e-06
24.8046875 -2.2378215207419413e-06 1.4886589752932608e-06
25.0 -5.926797969578802e-07 -1.9437707989090003e-06
25.1953125 1.535037038693642e-06 8.0038450635069e-09
25.390625 -3.599831073084223e-07 1.1014020055604518e-06
25.5859375 -7.035846834710574e-07 -5.184111388487172e-07
25.78125 5.399042156225765e-07 -3.7712711862163723e-07
25.9765625 1.3611020832431873e-07 4.7681933548607407e-07
26.171875 -3.7220538047209195e-07 -2.1712193575370576e-08
26.3671875 1.0832356262344216e-07 -2.5759678197740895e-07
26.5625 1.5396743651973726e-07 1.4023027814468422e-07
26.7578125 -1.3559404982703758e-07 7.313495000762678e-08
26.953125 -1.853235740881211e-08 -1.1161162131333065e-07
27.1484375 8.150887527383851e-08 1.2802347787974666e-08
27.34375 -2.666123333948866e-08 5.332159126309216e-08
27.5390625 -3.109632221560365e-08 -2.9013767186107928e-08
27.734375 2.5322759760053285e-08 -1.6218420148272805e-08
27.9296875 7.767838730854489e-09 2.0053596258499234e-08
28.125 -1.5638560411774278e-08 3.3806674823824266e-09
28.3203125 -9.882322409328493e-10 -1.2485385188786656e-08
28.515625 1.0353958870407564e-08 4.194177958288215e-10
28.7109375 -1.5207311972284777e-09 9.136662905746422e-09
28.90625 -8.364712256581086e-09 -3.023855097303251e-09
29.1015625 4.9768841574460466e-09 -7.1266436356889545e-09
29.296875 5.002826319514405e-09 6.628951653602735e-09
29.4921875 -7.391991208572344e-09 2.4167299546758925e-09
29.6875 1.6143192087980853e-10 -7.313694701391916e-09
29.8828125 6.462913386763519e-09 2.632477428189189e-09
30.078125 -4.714443530939736e-09 4.661152912405777e-09
30.2734375 -2.101784963107123e-09 -5.779256716316034e-09
30.46875 5.560144258818546e-09 4.731042689407132e-10
30.6640625 -2.480431651933859e-09 4.414605092123882e-09
30.859375 -2.722149166873494e-09 -3.800774649005451e-09
31.0546875 4.292747152729802e-09 -6.553191830246567e-10
31.25 -1.3493892177160458e-09 3.714656691727815e-09
31.4453125 -2.2997603349570084e-09 -2.620208010693303e-09
31.640625 2.9569292105079237e-09 -7.387930138726591e-10
31.8359375 -5.806708164370785e-10 2.7006459420467326e-09
32.03125 -2.00931626898995e-09 -1.7002866485290986e-09
32.2265625 2.405802500355859e-09 -7.626959494715453e-10
32.421875 -7.057400110839424e-10 2.199759592702688e-09
32.6171875 -1.1642351491644725e-09 -1.5828700842819793e-09
32.8125 1.5642664079998036e-09 -1.024047095425604e-10
33.0078125 -4.798778059207394e-10 1.1795522243648465e-09
33.203125 -8.499408651702462e-10 -8.561281911489685e-10
33.3984375 1.2499122253699989e-09 -3.2922684903520035e-10
33.59375 -5.438496977953073e-10 1.251129558435359e-09
33.7890625 -5.353892004191866e-10 -1.2205176153368131e-09
33.984375 1.1166983052064517e-09 4.1609791141744143e-10
34.1796875 -8.753925664030071e-10 4.4626421970201216e-10
34.375 1.459587797327664e-10 -7.589440684688335e-10
34.5703125 4.680603533562802e-10 4.2995219754969894e-10
34.765625 -5.755021187983444e-10 1.7429869317033293e-10
34.9609375 2.1094097327225503e-10 -5.854878164329052e-10
35.15625 2.9047911240246914e-10 5.654793312850643e-10
35.3515625 -5.796171501614202e-10 -2.0256885958881306e-10
35.546875 5.13011979958615e-10 -2.220797364412828e-10
35.7421875 -1.895589671674576e-10 4.4964259902172075e-10
35.9375 -1.654170338454984e-10 -3.894289428565201e-10
36.1328125 3.58475976577945e-10 1.290951751450237e-10
36.328125 -3.2626422084876594e-10 1.5780498029468254e-10
36.5234375 1.360398882441551e-10 -3.262626070723934e-10
36.71875 8.396143704535303e-11 3.2756003834195195e-10
36.9140625 -2.2626129212138012e-10 -2.0740439907028692e-10
37.109375 2.509948414736439e-10 5.650698161887066e-11
37.3046875 -1.8599552411150891e-10 4.57721612735724e-11
37.5 9.473620085058688e-11 -6.64958083225173e-11
37.6953125 -3.5782601941280045e-11 2.2150633834880442e-11
37.890625 3.6529306672864824e-11 4.350586390529731e-11
38.0859375 -8.944742275470047e-11 -8.66528082416245e-11
38.28125 1.643843791775253e-10 8.213830640151536e-11
38.4765625 -2.2655930085053024e-10 -2.964466484009483e-11
38.671875 2.512804652350577e-10 -5.1301586254725246e-11
38.8671875 -2.3172546275852794e-10 1.3290277215678903e-10
39.0625 1.7793159539095388e-10 -1.9181600221736665e-10
39.2578125 -1.0893401796994872e-10 2.1661776370490166e-10
39.453125 4.408992610174272e-11 -2.07953318646557e-10
39.6484375 2.4333360957940014e-12 1.7499354061154174e-10
39.84375 -2.4186239398866236e-11 -1.3118535959430384e-10
40.0390625 2.2491058273210384e-11 8.982205271625551e-11
40.234375 -4.5077440796875645e-12 -6.009798701641016e-11
40.4296875 -2.0877484190563522e-11 4.5361369450509646e-11
40.625 4.617999818352636e-11 -4.454928022142541e-11
40.8203125 -6.621378030521487e-11 5.4082774615592976e-11
41.015625 7.809744772480858e-11 -6.899740973651776e-11
41.2109375 -8.168957338019323e-11 8.391295473006595e-11
41.40625 7.953729889497488e-11 -9.516447868033757e-11
41.6015625 -7.501045300140445e-11 1.0154769213192162e-10
41.796875 7.110433013005321e-11 -1.0331842840586414e-10
41.9921875 -6.978971950796114e-11 1.0164183381144191e-10
42.1875 7.212205485268462e-11 -9.830093084033035e-11
42.3828125 -7.845157815559742e-11 9.528076570622473e-11
42.578125 8.831096123917055e-11 -9.396255057609603e-11
42.7734375 -1.0063868508922984e-10 9.525122420921971e-11
42.96875 1.1414902850345376e-10 -9.969856207370997e-11
43.1640625 -1.2790203441469528e-10 1.0728894586105625e-10
43.359375 1.413624171526866e-10 -1.1780866959774507e-10
43.5546875 -1.5377483879302895e-10 1.311452202882695e-10
43.75 1.6430692867270723e-10 -1.4671467813745702e-10
43.9453125 -1.7281054839240676e-10 1.6374876731930035e-10
44.140625 1.793334182626012e-10 -1.8172731301209503e-10
44.3359375 -1.8398260809179345e-10 2.00086837059438e-10
44.53125 1.8690586735747427e-10 -2.184587654141309e-10
44.7265625 -1.882227136523319e-10 2.365975698643986e-10
44.921875 1.8822809093260773e-10 -2.543526653916979e-10
45.1171875 -1.8717327547774054e-10 2.7168167227956794e-10
45.3125 1.854299219534839e-10 -2.885247561670732e-10
45.5078125 -1.8318404028458724e-10 3.047341575856443e-10
45.703125 1.8032386154685916e-10 -3.2002907364064364e-10
45.8984375 -1.769798062987387e-10 3.342779360431269e-10
46.09375 1.734781449846764e-10 -3.475527723492761e-10
46.2890625 -1.7010703934390577e-10 3.603613538184888e-10
46.484375 1.66907016962089e-10 -3.7316086359071653e-10
46.6796875 -1.639558131405233e-10 3.8564439815435934e-10
46.875 1.6154812204243759e-10 -3.9744287167399155e-10
47.0703125 -1.5964365565275596e-10 4.0868117641934225e-10
47.265625 1.5810837257247614e-10 -4.195528815054136e-10
47.4609375 -1.5715142948372482e-10 4.3010514081378994e-10
47.65625 1.5686763182452994e-10 -4.4037572840845176e-10
47.8515625 -1.5734917118690502e-10 4.505586534450611e-10
48.046875 1.588785624657193e-10 -4.6073547125348777e-10
48.2421875 -1.6162059275232484e-10 4.709390760906181e-10
48.4375 1.6528623690967014e-10 -4.81107024538681e-10
48.6328125 -1.6993041763020495e-10 4.910662391014416e-10
48.828125 1.7566884234103774e-10 -5.010338524745428e-10
49.0234375 -1.8237678092398367e-10 5.114806619918627e-10
49.21875 1.903475058681815e-10 -5.222920647160798e-10
49.4140625 -1.999151007668727e-10 5.330386406844067e-10
49.609375 2.1096294254223376e-10 -5.436411757046784e-10
49.8046875 -2.233951145065808e-10 5.542819810333447e-10

