-20.0 0.049590202123405654 0.0
-19.921875 0.048756338082226375 0.0
-19.84375 0.04628319259583287 0.0
-19.765625 0.042255302321702624 0.0
-19.6875 0.03681106047081913 0.0
-19.609375 0.03013984799110793 0.0
-19.53125 0.02248167311489327 0.0
-19.453125 0.014147534997638093 0.0
-19.375 0.0057994712557915135 0.0
-19.296875 0.005331290669535164 0.0
-19.21875 0.013622704636382944 0.0
-19.140625 0.022012025857075675 0.0
-19.0625 0.029762860180086274 0.0
-18.984375 0.0365570467230932 0.0
-18.90625 0.04215111949909304 0.0
-18.828125 0.04635261684454095 0.0
-18.75 0.049020146816654155 0.0
-18.671875 0.050066488692334155 0.0
-18.59375 0.049461368333479756 0.0
-18.515625 0.047233258538283376 0.0
-18.4375 0.043470499906981104 0.0
-18.359375 0.038323182190152835 0.0
-18.28125 0.03201033405625602 0.0
-18.203125 0.024848671290102365 0.0
-18.125 0.017376394155322477 0.0
-18.046875 0.010991430226910825 0.0
-17.96875 0.00994658664682533 0.0
-17.890625 0.01549358032866617 0.0
-17.8125 0.02294163804755271 0.0
-17.734375 0.030343174888508167 0.0
-17.65625 0.037039696771560354 0.0
-17.578125 0.042676616589392605 0.0
-17.5 0.04701487448944246 0.0
-17.421875 0.049889289489474575 0.0
-17.34375 0.05119863000588669 0.0
-17.265625 0.05090393557345126 0.0
-17.1875 0.04902925054359442 0.0
-17.109375 0.04566375694167807 0.0
-17.03125 0.040967019680488895 0.0
-16.953125 0.035183566327751416 0.0
-16.875 0.028685888612443148 0.0
-16.796875 0.022107502616643532 0.0
-16.71875 0.016737894020997478 0.0
-16.640625 0.01500728389143497 0.0
-16.5625 0.018215246153837787 0.0
-16.484375 0.024219412431687664 0.0
-16.40625 0.030934130283241112 0.0
-16.328125 0.03735207557635176 0.0
-16.25 0.042953755809866705 0.0
-16.171875 0.04742206162064903 0.0
-16.09375 0.05054986508244367 0.0
-16.015625 0.05220991180568258 0.0
-15.9375 0.05234496446552195 0.0
-15.859375 0.050965277367526506 0.0
-15.78125 0.04814975781762168 0.0
-15.703125 0.044051342095520654 0.0
-15.625 0.03891131770133559 0.0
-15.546875 0.03309569626690917 0.0
-15.46875 0.027185613139058405 0.0
-15.390625 0.02217303963151872 0.0
-15.3125 0.019622040857763742 0.0
-15.234375 0.020801647484020948 0.0
-15.15625 0.025063474629506192 0.0
-15.078125 0.030755498958322948 0.0
-15.0 0.03667146337233547 0.0
-14.921875 0.042114997229472005 0.0
-14.84375 0.04666818140258564 0.0
-14.765625 0.050065574156163445 0.0
-14.6875 0.05214190672172097 0.0
-14.609375 0.05281124519925742 0.0
-14.53125 0.05205911275544714 0.0
-14.453125 0.049940742399657574 0.0
-14.375 0.046583972658950465 0.0
-14.296875 0.04219896159008759 0.0
-14.21875 0.03710160948683497 0.0
-14.140625 0.03176503511544968 0.0
-14.0625 0.02691581864425984 0.0
-13.984375 0.023620115318321137 0.0
-13.90625 0.02299800869291987 0.0
-13.828125 0.02528306141862144 0.0
-13.75 0.029545342448797578 0.0
-13.671875 0.03462076454182312 0.0
-13.59375 0.03966915424096098 0.0
-13.515625 0.044156957606026344 0.0
-13.4375 0.047744568009554976 0.0
-13.359375 0.050216847835473644 0.0
-13.28125 0.051449518735190145 0.0
-13.203125 0.05139395149159046 0.0
-13.125 0.050070973695202595 0.0
-13.046875 0.04757002252182285 0.0
-12.96875 0.044053464566739496 0.0
-12.890625 0.03976889289090431 0.0
-12.8125 0.03507557395856918 0.0
-12.734375 0.030492101495917443 0.0
-12.65625 0.02674994991286696 0.0
-12.578125 0.02473161169371062 0.0
-12.5 0.025053528387857803 0.0
-12.421875 0.027532436409338005 0.0
-12.34375 0.031351644946339775 0.0
-12.265625 0.03565354285451358 0.0
-12.1875 0.039804505470252424 0.0
-12.109375 0.04338179901699463 0.0
-12.03125 0.04611082370716172 0.0
-11.953125 0.047821641412853305 0.0
-11.875 0.04842541458217301 0.0
-11.796875 0.04790265584330336 0.0
-11.71875 0.04629813154772197 0.0
-11.640625 0.04372040194542138 0.0
-11.5625 0.04034633938081209 0.0
-11.484375 0.03643298130288093 0.0
-11.40625 0.03234012777652565 0.0
-11.328125 0.028561462398241776 0.0
-11.25 0.025729519169640277 0.0
-11.171875 0.02448377314292123 0.0
-11.09375 0.025123528100388086 0.0
-11.015625 0.027360002086783772 0.0
-10.9375 0.030539148080865545 0.0
-10.859375 0.03401210471162284 0.0
-10.78125 0.037288749709629 0.0
-10.703125 0.04003361305967297 0.0
-10.625 0.042028146006683365 0.0
-10.546875 0.04314146733171137 0.0
-10.46875 0.04331292568994103 0.0
-10.390625 0.04254261851897255 0.0
-10.3125 0.04088690420964435 0.0
-10.234375 0.03845775096242237 0.0
-10.15625 0.03542630685706605 0.0
-10.078125 0.03203216888362785 0.0
-10.0 0.02859913745649751 0.0
-9.921875 0.025550000678970362 0.0
-9.84375 0.023384224727295247 0.0
-9.765625 0.02254337271004714 0.0
-9.6875 0.023165614441991517 0.0
-9.609375 0.02497387255526754 0.0
-9.53125 0.027461070905059337 0.0
-9.453125 0.030133269930298988 0.0
-9.375 0.03261154752547626 0.0
-9.296875 0.03463341551705905 0.0
-9.21875 0.03602884715282962 0.0
-9.140625 0.03669961085566284 0.0
-9.0625 0.0366059024437822 0.0
-8.984375 0.035758460423905646 0.0
-8.90625 0.03421439164608517 0.0
-8.828125 0.032075998490953064 0.0
-8.75 0.029492891608809642 0.0
-8.671875 0.026668201350720656 0.0
-8.59375 0.02386842308516926 0.0
-8.515625 0.021428870601184986 0.0
-8.4375 0.019725663286888188 0.0
-8.359375 0.01906628780006377 0.0
-8.28125 0.019519939748201185 0.0
-8.203125 0.020859005941125736 0.0
-8.125 0.02269746406541091 0.0
-8.046875 0.024660529633985243 0.0
-7.96875 0.02645842200630115 0.0
-7.890625 0.02788999517474599 0.0
-7.8125 0.028826407858222075 0.0
-7.734375 0.02919580382232122 0.0
-7.65625 0.028972748191471193 0.0
-7.578125 0.02817152347434188 0.0
-7.5 0.02684213836946994 0.0
-7.421875 0.025068579201596084 0.0
-7.34375 0.022969527580008017 0.0
-7.265625 0.020702127583106918 0.0
-7.1875 0.0184684279074954 0.0
-7.109375 0.01651869235386028 0.0
-7.03125 0.015130816689959725 0.0
-6.953125 0.014531354115282996 0.0
-6.875 0.01477162513628408 0.0
-6.796875 0.01568172128126881 0.0
-6.71875 0.01697051243613497 0.0
-6.640625 0.01835381205330411 0.0
-6.5625 0.019612267643438187 0.0
-6.484375 0.020595049942479765 0.0
-6.40625 0.02120732195199257 0.0
-6.328125 0.02139805757808882 0.0
-6.25 0.02115133430186417 0.0
-6.171875 0.020480468995708666 0.0
-6.09375 0.019424123287245704 0.0
-6.015625 0.018044029414839652 0.0
-5.9375 0.016424557095977284 0.0
-5.859375 0.014674770328382743 0.0
-5.78125 0.012933439128355295 0.0
-5.703125 0.011374702052863754 0.0
-5.625 0.010201781568216363 0.0
-5.546875 0.009599033238171106 0.0
-5.46875 0.009632689831742041 0.0
-5.390625 0.01019064299327394 0.0
-5.3125 0.01105100168799905 0.0
-5.234375 0.011993390659788791 0.0
-5.15625 0.01285116647460538 0.0
-5.078125 0.013513709284730665 0.0
-5.0 0.013914546977123141 0.0
-4.921875 0.014020345100307773 0.0
-4.84375 0.013823032981881802 0.0
-4.765625 0.013334216821067103 0.0
-4.6875 0.012581057822187092 0.0
-4.609375 0.01160334889466421 0.0
-4.53125 0.010452025264809728 0.0
-4.453125 0.009189785201424671 0.0
-4.375 0.007894963627970148 0.0
-4.296875 0.0066699367980888845 0.0
-4.21875 0.005651995321993612 0.0
-4.140625 0.005006583738316934 0.0
-4.0625 0.004853252743740204 0.0
-3.984375 0.0051494548374415704 0.0
-3.90625 0.005710072932975011 0.0
-3.828125 0.006341789870942565 0.0
-3.75 0.006910288829265403 0.0
-3.671875 0.007337336573689003 0.0
-3.59375 0.0075842402671617536 0.0
-3.515625 0.007639401767633449 0.0
-3.4375 0.007509712460609843 0.0
-3.359375 0.007213664312466987 0.0
-3.28125 0.006775263024190411 0.0
-3.203125 0.006218938435673605 0.0
-3.125 0.005566257730476012 0.0
-3.046875 0.0048353271597235984 0.0
-2.96875 0.004043455591594708 0.0
-2.890625 0.0032136037459942505 0.0
-2.8125 0.0023874748362523756 0.0
-2.734375 0.0016599937701310857 0.0
-2.65625 0.0012656264952646617 0.0
-2.578125 0.0014465973838755609 0.0
-2.5 0.001951186892250137 0.0
-2.421875 0.0024723663391438503 0.0
-2.34375 0.0028823419236796008 0.0
-2.265625 0.0031313390781634474 0.0
-2.1875 0.003207239874682507 0.0
-2.109375 0.0031259469622153917 0.0
-2.03125 0.0029279524857899466 0.0
-1.953125 0.002673552470372976 0.0
-1.875 0.002431270007300274 0.0
-1.796875 0.0022540661846223507 0.0
-1.71875 0.002149890981944522 0.0
-1.640625 0.0020749659001058555 0.0
-1.5625 0.001962790139501665 0.0
-1.484375 0.0017598246726371588 0.0
-1.40625 0.0014449404409428183 0.0
-1.328125 0.0010413741827086755 0.0
-1.25 0.0006660795304849939 0.0
-1.171875 0.0006705383347172142 0.0
-1.09375 0.0010788385460939946 0.0
-1.015625 0.0015383840024272653 0.0
-0.9375 0.00190278871514116 0.0
-0.859375 0.0021061745636670854 0.0
-0.78125 0.002113924840690728 0.0
-0.703125 0.0019156275362551467 0.0
-0.625 0.0015234032527851804 0.0
-0.546875 0.0009697182962756201 0.0
-0.46875 0.00030459884435770317 0.0
-0.390625 0.0004189562098804396 0.0
-0.3125 0.0011245726913193864 0.0
-0.234375 0.0017540255327769254 0.0
-0.15625 0.002249412244230555 0.0
-0.078125 0.0025657714221375173 0.0
0.0 0.0026744961023937057 0.0
0.078125 0.002565771422137379 0.0
0.15625 0.002249412244230742 0.0
0.234375 0.0017540255327762387 0.0
0.3125 0.0011245726913190993 0.0
0.390625 0.0004189562098800084 0.0
0.46875 0.00030459884435788775 0.0
0.546875 0.000969718296276681 0.0
0.625 0.001523403252786095 0.0
0.703125 0.0019156275362561207 0.0
0.78125 0.002113924840691317 0.0
0.859375 0.0021061745636682676 0.0
0.9375 0.0019027887151419028 0.0
1.015625 0.0015383840024278776 0.0
1.09375 0.0010788385460945538 0.0
1.171875 0.000670538334718766 0.0
1.25 0.0006660795304873474 0.0
1.328125 0.0010413741827104948 0.0
1.40625 0.001444940440944884 0.0
1.484375 0.001759824672638394 0.0
1.5625 0.001962790139503009 0.0
1.640625 0.0020749659001069406 0.0
1.71875 0.002149890981944297 0.0
1.796875 0.0022540661846216646 0.0
1.875 0.002431270007298003 0.0
1.953125 0.00267355247036982 0.0
2.03125 0.0029279524857857807 0.0
2.109375 0.0031259469622104603 0.0
2.1875 0.0032072398746775155 0.0
2.265625 0.0031313390781579267 0.0
2.34375 0.0028823419236742786 0.0
2.421875 0.002472366339138788 0.0
2.5 0.001951186892245755 0.0
2.578125 0.0014465973838724171 0.0
2.65625 0.0012656264952648222 0.0
2.734375 0.0016599937701334297 0.0
2.8125 0.0023874748362555207 0.0
2.890625 0.003213603745997662 0.0
2.96875 0.004043455591598442 0.0
3.046875 0.004835327159726837 0.0
3.125 0.005566257730479082 0.0
3.203125 0.006218938435676543 0.0
3.28125 0.006775263024193767 0.0
3.359375 0.0072136643124706586 0.0
3.4375 0.0075097124606136115 0.0
3.515625 0.007639401767637657 0.0
3.59375 0.007584240267165874 0.0
3.671875 0.007337336573692034 0.0
3.75 0.006910288829267013 0.0
3.828125 0.0063417898709426 0.0
3.90625 0.005710072932972635 0.0
3.984375 0.005149454837435495 0.0
4.0625 0.004853252743731796 0.0
4.140625 0.005006583738306955 0.0
4.21875 0.005651995321984212 0.0
4.296875 0.006669936798081775 0.0
4.375 0.007894963627965358 0.0
4.453125 0.00918978520142256 0.0
4.53125 0.010452025264810282 0.0
4.609375 0.0116033488946669 0.0
4.6875 0.012581057822192493 0.0
4.765625 0.013334216821074843 0.0
4.84375 0.013823032981891296 0.0
4.921875 0.014020345100318651 0.0
5.0 0.013914546977135392 0.0
5.078125 0.013513709284744033 0.0
5.15625 0.01285116647461848 0.0
5.234375 0.011993390659801718 0.0
5.3125 0.011051001688009928 0.0
5.390625 0.010190642993280827 0.0
5.46875 0.009632689831743792 0.0
5.546875 0.00959903323816637 0.0
5.625 0.010201781568205736 0.0
5.703125 0.011374702052848924 0.0
5.78125 0.01293343912833787 0.0
5.859375 0.014674770328364874 0.0
5.9375 0.016424557095959386 0.0
6.015625 0.018044029414823172 0.0
6.09375 0.01942412328723118 0.0
6.171875 0.020480468995696152 0.0
6.25 0.021151334301854827 0.0
6.328125 0.021398057578082268 0.0
6.40625 0.021207321951988947 0.0
6.484375 0.020595049942479328 0.0
6.5625 0.019612267643441463 0.0
6.640625 0.01835381205331027 0.0
6.71875 0.016970512436143385 0.0
6.796875 0.015681721281279645 0.0
6.875 0.014771625136295397 0.0
6.953125 0.014531354115294708 0.0
7.03125 0.015130816689970203 0.0
7.109375 0.016518692353869997 0.0
7.1875 0.018468427907504463 0.0
7.265625 0.02070212758311549 0.0
7.34375 0.022969527580016306 0.0
7.421875 0.025068579201605767 0.0
7.5 0.026842138369480725 0.0
7.578125 0.028171523474353845 0.0
7.65625 0.028972748191484703 0.0
7.734375 0.029195803822337146 0.0
7.8125 0.0288264078582393 0.0
7.890625 0.027889995174765272 0.0
7.96875 0.026458422006322403 0.0
8.046875 0.024660529634007496 0.0
8.125 0.02269746406543414 0.0
8.203125 0.02085900594114896 0.0
8.28125 0.019519939748223438 0.0
8.359375 0.019066287800083046 0.0
8.4375 0.019725663286903214 0.0
8.515625 0.021428870601195665 0.0
8.59375 0.023868423085176595 0.0
8.671875 0.026668201350724983 0.0
8.75 0.02949289160881189 0.0
8.828125 0.03207599849095407 0.0
8.90625 0.03421439164608472 0.0
8.984375 0.03575846042390447 0.0
9.0625 0.03660590244378074 0.0
9.140625 0.03669961085566022 0.0
9.21875 0.036028847152825866 0.0
9.296875 0.03463341551705458 0.0
9.375 0.032611547525471574 0.0
9.453125 0.030133269930293496 0.0
9.53125 0.027461070905053987 0.0
9.609375 0.02497387255526227 0.0
9.6875 0.02316561444198897 0.0
9.765625 0.02254337271004839 0.0
9.84375 0.023384224727301443 0.0
9.921875 0.02555000067898116 0.0
10.0 0.02859913745651231 0.0
10.078125 0.032032168883646676 0.0
10.15625 0.03542630685708738 0.0
10.234375 0.03845775096244603 0.0
10.3125 0.040886904209670366 0.0
10.390625 0.04254261851900081 0.0
10.46875 0.043312925689971006 0.0
10.546875 0.04314146733174309 0.0
10.625 0.04202814600671591 0.0
10.703125 0.04003361305970636 0.0
10.78125 0.03728874970966198 0.0
10.859375 0.0340121047116553 0.0
10.9375 0.03053914808089505 0.0
11.015625 0.02736000208680863 0.0
11.09375 0.02512352810040458 0.0
11.171875 0.024483773142926376 0.0
11.25 0.02572951916963424 0.0
11.328125 0.028561462398226548 0.0
11.40625 0.03234012777650565 0.0
11.484375 0.03643298130285811 0.0
11.5625 0.040346339380789756 0.0
11.640625 0.043720401945400215 0.0
11.71875 0.04629813154770286 0.0
11.796875 0.04790265584328779 0.0
11.875 0.048425414582162075 0.0
11.953125 0.047821641412846706 0.0
12.03125 0.04611082370715991 0.0
12.109375 0.04338179901699751 0.0
12.1875 0.039804505470259856 0.0
12.265625 0.03565354285452583 0.0
12.34375 0.03135164494635568 0.0
12.421875 0.02753243640935523 0.0
12.5 0.025053528387873433 0.0
12.578125 0.024731611693722413 0.0
12.65625 0.02674994991287124 0.0
12.734375 0.030492101495914876 0.0
12.8125 0.03507557395856165 0.0
12.890625 0.03976889289089315 0.0
12.96875 0.04405346456672638 0.0
13.046875 0.04757002252180921 0.0
13.125 0.050070973695188946 0.0
13.203125 0.05139395149157746 0.0
13.28125 0.05144951873517744 0.0
13.359375 0.05021684783546238 0.0
13.4375 0.04774456800954537 0.0
13.515625 0.044156957606018524 0.0
13.59375 0.03966915424095476 0.0
13.671875 0.03462076454181802 0.0
13.75 0.02954534244879258 0.0
13.828125 0.02528306141861685 0.0
13.90625 0.022998008692913085 0.0
13.984375 0.02362011531831174 0.0
14.0625 0.026915818644247847 0.0
14.140625 0.03176503511543578 0.0
14.21875 0.037101609486819724 0.0
14.296875 0.04219896159007109 0.0
14.375 0.04658397265893273 0.0
14.453125 0.0499407423996393 0.0
14.53125 0.052059112755428676 0.0
14.609375 0.05281124519923861 0.0
14.6875 0.05214190672170211 0.0
14.765625 0.05006557415614472 0.0
14.84375 0.04666818140256713 0.0
14.921875 0.042114997229453735 0.0
15.0 0.0366714633723173 0.0
15.078125 0.03075549895830516 0.0
15.15625 0.025063474629488366 0.0
15.234375 0.020801647484003885 0.0
15.3125 0.01962204085775057 0.0
15.390625 0.02217303963151069 0.0
15.46875 0.027185613139054057 0.0
15.546875 0.03309569626690692 0.0
15.625 0.038911317701334894 0.0
15.703125 0.0440513420955204 0.0
15.78125 0.04814975781762203 0.0
15.859375 0.05096527736752608 0.0
15.9375 0.05234496446552162 0.0
16.015625 0.05220991180568236 0.0
16.09375 0.05054986508244347 0.0
16.171875 0.047422061620648805 0.0
16.25 0.04295375580986686 0.0
16.328125 0.03735207557635162 0.0
16.40625 0.030934130283241535 0.0
16.484375 0.024219412431688483 0.0
16.5625 0.01821524615384018 0.0
16.640625 0.015007283891440102 0.0
16.71875 0.01673789402100437 0.0
16.796875 0.02210750261665098 0.0
16.875 0.0286858886124505 0.0
16.953125 0.03518356632775869 0.0
17.03125 0.04096701968049601 0.0
17.109375 0.045663756941685174 0.0
17.1875 0.049029250543601854 0.0
17.265625 0.05090393557345835 0.0
17.34375 0.051198630005893815 0.0
17.421875 0.04988928948948116 0.0
17.5 0.047014874489449555 0.0
17.578125 0.04267661658939924 0.0
17.65625 0.037039696771566336 0.0
17.734375 0.030343174888514287 0.0
17.8125 0.022941638047558714 0.0
17.890625 0.015493580328672665 0.0
17.96875 0.009946586646834104 0.0
18.046875 0.010991430226917226 0.0
18.125 0.01737639415532641 0.0
18.203125 0.024848671290105394 0.0
18.28125 0.032010334056258326 0.0
18.359375 0.03832318219015554 0.0
18.4375 0.04347049990698421 0.0
18.515625 0.047233258538286534 0.0
18.59375 0.04946136833348333 0.0
18.671875 0.05006648869233791 0.0
18.75 0.04902014681665812 0.0
18.828125 0.046352616844545114 0.0
18.90625 0.042151119499097535 0.0
18.984375 0.03655704672309803 0.0
19.0625 0.029762860180091378 0.0
19.140625 0.022012025857081848 0.0
19.21875 0.013622704636390993 0.0
19.296875 0.005331290669551321 0.0
19.375 0.005799471255802472 0.0
19.453125 0.01414753499764151 0.0
19.53125 0.022481673114894383 0.0
19.609375 0.030139847991108863 0.0
19.6875 0.03681106047081923 0.0
19.765625 0.04225530232170302 0.0
19.84375 0.04628319259583283 0.0
19.921875 0.048756338082226645 0.0

