-50.0 1.2650632618007229e-11 0.0
-49.8046875 1.2321221992697068e-11 0.0
-49.609375 1.2072002464683904e-11 0.0
-49.4140625 1.1894600997572174e-11 0.0
-49.21875 1.1789793607910604e-11 0.0
-49.0234375 1.1751790144093052e-11 0.0
-48.828125 1.178428993377555e-11 0.0
-48.6328125 1.188460291001314e-11 0.0
-48.4375 1.2058085141578078e-11 0.0
-48.2421875 1.23048910786981e-11 0.0
-48.046875 1.2632891147300093e-11 0.0
-47.8515625 1.3044940756182002e-11 0.0
-47.65625 1.3550986295909022e-11 0.0
-47.4609375 1.4158112903510791e-11 0.0
-47.265625 1.4878097757593835e-11 0.0
-47.0703125 1.572420122768817e-11 0.0
-46.875 1.6707311981643204e-11 0.0
-46.6796875 1.785359541956712e-11 0.0
-46.484375 1.916905828377367e-11 0.0
-46.2890625 2.0694816997840442e-11 0.0
-46.09375 2.244005471661456e-11 0.0
-45.8984375 2.44500290875553e-11 0.0
-45.703125 2.675337770076851e-11 0.0
-45.5078125 2.9392634966474794e-11 0.0
-45.3125 3.241948699878165e-11 0.0
-45.1171875 3.588273779698401e-11 0.0
-44.921875 3.985178122500675e-11 0.0
-44.7265625 4.4391394830486794e-11 0.0
-44.53125 4.958862577186298e-11 0.0
-44.3359375 5.552916098583395e-11 0.0
-44.140625 6.231942799990188e-11 0.0
-43.9453125 7.007166166522558e-11 0.0
-43.75 7.891218929728258e-11 0.0
-43.5546875 8.898222395966033e-11 0.0
-43.359375 1.0043441710044863e-10 0.0
-43.1640625 1.1343668884221777e-10 0.0
-42.96875 1.2817606738394514e-10 0.0
-42.7734375 1.4484874148121042e-10 0.0
-42.578125 1.6368130110879487e-10 0.0
-42.3828125 1.8491208655823438e-10 0.0
-42.1875 2.088113681478142e-10 0.0
-41.9921875 2.3568435075504886e-10 0.0
-41.796875 2.658658972586511e-10 0.0
-41.6015625 2.997507794267059e-10 0.0
-41.40625 3.3778375583746084e-10 0.0
-41.2109375 3.8048494063283814e-10 0.0
-41.015625 4.284529452995138e-10 0.0
-40.8203125 4.823801748246095e-10 0.0
-40.625 5.430660321317998e-10 0.0
-40.4296875 6.114101600982589e-10 0.0
-40.234375 6.884380224521567e-10 0.0
-40.0390625 7.752930770593433e-10 0.0
-39.84375 8.732366295855262e-10 0.0
-39.6484375 9.836764304048872e-10 0.0
-39.453125 1.1081630201390522e-09 0.0
-39.2578125 1.248423469541806e-09 0.0
-39.0625 1.4064053800108532e-09 0.0
-38.8671875 1.584315391706175e-09 0.0
-38.671875 1.784679890749345e-09 0.0
-38.4765625 2.0104038245057186e-09 0.0
-38.28125 2.2648242731199208e-09 0.0
-38.0859375 2.551731595936255e-09 0.0
-37.890625 2.875409621263818e-09 0.0
-37.6953125 3.240631250411495e-09 0.0
-37.5 3.6526693433642055e-09 0.0
-37.3046875 4.117326715654828e-09 0.0
-37.109375 4.641003530481359e-09 0.0
-36.9140625 5.230828220121628e-09 0.0
-36.71875 5.8948154320304184e-09 0.0
-36.5234375 6.642085177159781e-09 0.0
-36.328125 7.483060422263848e-09 0.0
-36.1328125 8.429630717530582e-09 0.0
-35.9375 9.495255335348235e-09 0.0
-35.7421875 1.0695023395304026e-08 0.0
-35.546875 1.2045709373807894e-08 0.0
-35.3515625 1.356591524219826e-08 0.0
-35.15625 1.52763305229206e-08 0.0
-34.9609375 1.720017279232238e-08 0.0
-34.765625 1.9363741736813808e-08 0.0
-34.5703125 2.1796984382255608e-08 0.0
-34.375 2.4533955305747903e-08 0.0
-34.1796875 2.7613165827938892e-08 0.0
-33.984375 3.107781654033897e-08 0.0
-33.7890625 3.4976071103355226e-08 0.0
-33.59375 3.936157896830575e-08 0.0
-33.3984375 4.429429110675075e-08 0.0
-33.203125 4.984154455092636e-08 0.0
-33.0078125 5.607918252438581e-08 0.0
-32.8125 6.309250672119677e-08 0.0
-32.6171875 7.09770236151417e-08 0.0
-32.421875 7.98391081587392e-08 0.0
-32.2265625 8.979691848635355e-08 0.0
-32.03125 1.0098182129938584e-07 0.0
-31.8359375 1.1354034402676541e-07 0.0
-31.640625 1.2763631134595841e-07 0.0
-31.4453125 1.4345289114894342e-07 0.0
-31.25 1.6119440494508063e-07 0.0
-31.0546875 1.8108825521318907e-07 0.0
-30.859375 2.0338749744688336e-07 0.0
-30.6640625 2.2837431644617274e-07 0.0
-30.46875 2.563641914090957e-07 0.0
-30.2734375 2.877102576443658e-07 0.0
-30.078125 3.228074740096666e-07 0.0
-29.8828125 3.620968977726881e-07 0.0
-29.6875 4.0607078793087897e-07 0.0
-29.4921875 4.552790088679897e-07 0.0
-29.296875 5.103364051896919e-07 0.0
-29.1015625 5.71930282832997e-07 0.0
-28.90625 6.408275601933095e-07 0.0
-28.7109375 7.178820788868931e-07 0.0
-28.515625 8.040430457327265e-07 0.0
-28.3203125 9.003649413178241e-07 0.0
-28.125 1.0080181452423662e-06 0.0
-27.9296875 1.1282991493715303e-06 0.0
-27.734375 1.2626403688989623e-06 0.0
-27.5390625 1.4126208673376451e-06 0.0
-27.34375 1.5799791718229654e-06 0.0
-27.1484375 1.7666277731929084e-06 0.0
-26.953125 1.974668018197879e-06 0.0
-26.7578125 2.2064051933881264e-06 0.0
-26.5625 2.464365581661407e-06 0.0
-26.3671875 2.7513174352412046e-06 0.0
-26.171875 3.070295879122605e-06 0.0
-25.9765625 3.4246304056977416e-06 0.0
-25.78125 3.81797496508776e-06 0.0
-25.5859375 4.25434326749586e-06 0.0
-25.390625 4.738151771655347e-06 0.0
-25.1953125 5.274270060250032e-06 0.0
-25.0 5.868077152223119e-06 0.0
-24.8046875 6.525524920313311e-06 0.0
-24.609375 7.253212554697312e-06 0.0
-24.4140625 8.05847451793173e-06 0.0
-24.21875 8.949481529331318e-06 0.0
-24.0234375 9.935355404286903e-06 0.0
-23.828125 1.102630362560792e-05 0.0
-23.6328125 1.2233781890330216e-05 0.0
-23.4375 1.3570690721726128e-05 0.0
-23.2421875 1.5051613233307118e-05 0.0
-23.046875 1.669310908773363e-05 0.0
-22.8515625 1.8514087496438405e-05 0.0
-22.65625 2.05362837873779e-05 0.0
-22.4609375 2.2784866758180424e-05 0.0
-22.265625 2.528921574611421e-05 0.0
-22.0703125 2.8083919832293374e-05 0.0
-21.875 3.1210056613860024e-05 0.0
-21.6796875 3.471681073553e-05 0.0
-21.484375 3.866350445915356e-05 0.0
-21.2890625 4.3122125945698645e-05 0.0
-21.09375 4.8180440896640814e-05 0.0
-20.8984375 5.394576848254632e-05 0.0
-20.703125 6.054950938511632e-05 0.0
-20.5078125 6.815252284378558e-05 0.0
-20.3125 7.695144506769516e-05 0.0
-20.1171875 8.718603790087134e-05 0.0
-19.921875 9.914767253818425e-05 0.0
-19.7265625 0.00011318906612173175 0.0
-19.53125 0.000129735370941906 0.0
-19.3359375 0.000149296679518433 0.0
-19.140625 0.00017248195826876305 0.0
-18.9453125 0.00020001431182873293 0.0
-18.75 0.00023274729279261844 0.0
-18.5546875 0.00027168175736122236 0.0
-18.359375 0.00031798254084231626 0.0
-18.1640625 0.0003729939567259436 0.0
-17.96875 0.00043825285182936944 0.0
-17.7734375 0.0005154977536494871 0.0
-17.578125 0.0006066724940558538 0.0
-17.3828125 0.0007139225523769707 0.0
-17.1875 0.0008395823129570129 0.0
-16.9921875 0.0009861514931345842 0.0
-16.796875 0.0011562590723407113 0.0
-16.6015625 0.0013526131815780288 0.0
-16.40625 0.0015779356864556917 0.0
-16.2109375 0.0018348805226814243 0.0
-16.015625 0.0021259351938552845 0.0
-15.8203125 0.002453305389369215 0.0
-15.625 0.002818783433282515 0.0
-15.4296875 0.003223602187788011 0.0
-15.234375 0.0036682773636937424 0.0
-15.0390625 0.004152443102190762 0.0
-14.84375 0.004674688098335365 0.0
-14.6484375 0.005232402579243863 0.0
-14.453125 0.00582165017252949 0.0
-14.2578125 0.006437082564570572 0.0
-14.0625 0.007071918295460946 0.0
-13.8671875 0.007718009379789292 0.0
-13.671875 0.008366019199765765 0.0
-13.4765625 0.009005730753160301 0.0
-13.28125 0.009626494600987077 0.0
-13.0859375 0.01021780921295649 0.0
-12.890625 0.010770002234249808 0.0
-12.6953125 0.0112749509984988 0.0
-12.5 0.011726748088464318 0.0
-12.3046875 0.01212219091038207 0.0
-12.109375 0.012460966896980109 0.0
-11.9140625 0.012745435252512557 0.0
-11.71875 0.012979987876378152 0.0
-11.5234375 0.013170108861614035 0.0
-11.328125 0.013321415004775388 0.0
-11.1328125 0.013439079895256867 0.0
-10.9375 0.013528024150230255 0.0
-10.7421875 0.013594009913822924 0.0
-10.546875 0.013645297556236825 0.0
-10.3515625 0.01369391502337338 0.0
-10.15625 0.013755110997688268 0.0
-9.9609375 0.013843618956541655 0.0
-9.765625 0.01396637714302093 0.0
-9.5703125 0.01411333389553693 0.0
-9.375 0.01424995155138063 0.0
-9.1796875 0.014315366586239765 0.0
-8.984375 0.01422817190156765 0.0
-8.7890625 0.013898786568703159 0.0
-8.59375 0.013245385001517293 0.0
-8.3984375 0.012210055676783137 0.0
-8.203125 0.010772544603824203 0.0
-8.0078125 0.00895982575195234 0.0
-7.8125 0.006850807975674902 0.0
-7.6171875 0.004578429859527127 0.0
-7.421875 0.002353162540843772 0.0
-7.2265625 0.0009698620855335804 0.0
-7.03125 0.0021043430188148163 0.0
-6.8359375 0.0033594563009663246 0.0
-6.640625 0.004097384933859612 0.0
-6.4453125 0.004284707668202836 0.0
-6.25 0.004128495525222308 0.0
-6.0546875 0.004199005685192243 0.0
-5.859375 0.005217741861374103 0.0
-5.6640625 0.00726509698614921 0.0
-5.46875 0.009929443747935128 0.0
-5.2734375 0.01283849680403599 0.0
-5.078125 0.01574292530955952 0.0
-4.8828125 0.018498846257025216 0.0
-4.6875 0.021059546030443202 0.0
-4.4921875 0.02346113130383748 0.0
-4.296875 0.025789484072652386 0.0
-4.1015625 0.028133487791525004 0.0
-3.90625 0.03054607769046478 0.0
-3.7109375 0.03303685294533468 0.0
-3.515625 0.03560135450751106 0.0
-3.3203125 0.03826649742112931 0.0
-3.125 0.04111887053343866 0.0
-2.9296875 0.044289748824036655 0.0
-2.734375 0.04789438628221971 0.0
-2.5390625 0.051953148064023146 0.0
-2.34375 0.05633726323518016 0.0
-2.1484375 0.060767035700258196 0.0
-1.953125 0.06486012397065087 0.0
-1.7578125 0.06820989798836244 0.0
-1.5625 0.07047348673624877 0.0
-1.3671875 0.07145082713189266 0.0
-1.171875 0.0711313187092757 0.0
-0.9765625 0.06968081307593291 0.0
-0.78125 0.06735438729697121 0.0
-0.5859375 0.06435998109431902 0.0
-0.390625 0.060747519680403025 0.0
-0.1953125 0.05640537272903718 0.0
0.0 0.05117711853546697 0.0
0.1953125 0.04502058088638448 0.0
0.390625 0.038107466081686144 0.0
0.5859375 0.030815067960257098 0.0
0.78125 0.02362970687125378 0.0
0.9765625 0.017018085353905085 0.0
1.171875 0.011322316887491399 0.0
1.3671875 0.006711142554221659 0.0
1.5625 0.0031908513280632825 0.0
1.7578125 0.0006829948692774425 0.0
1.953125 0.0011604098965380281 0.0
2.1484375 0.0022859367151523776 0.0
2.34375 0.002984470017223755 0.0
2.5390625 0.003390022127463127 0.0
2.734375 0.0036115983380738213 0.0
2.9296875 0.003725158695977733 0.0
3.125 0.00377553603662539 0.0
3.3203125 0.0037826980947725966 0.0
3.515625 0.0037517682234496585 0.0
3.7109375 0.0036854085116108356 0.0
3.90625 0.0035963048118447796 0.0
4.1015625 0.003515707633795422 0.0
4.296875 0.0034901383178461668 0.0
4.4921875 0.003557940431686254 0.0
4.6875 0.0037140026870091307 0.0
4.8828125 0.0038938976515640687 0.0
5.078125 0.003993227919752798 0.0
5.2734375 0.0039021480043210186 0.0
5.46875 0.003534679134267371 0.0
5.6640625 0.0028514170921586078 0.0
5.859375 0.00189390585813069 0.0
6.0546875 0.0010134921869375522 0.0
6.25 0.0015750733107079485 0.0
6.4453125 0.0029687322706220005 0.0
6.640625 0.00435961840753574 0.0
6.8359375 0.005493502912805164 0.0
7.03125 0.006203737375328654 0.0
7.2265625 0.006374041165130516 0.0
7.421875 0.005946303551746169 0.0
7.6171875 0.004932730931059142 0.0
7.8125 0.003441930060001889 0.0
8.0078125 0.0018696483116991554 0.0
8.203125 0.002049056259275135 0.0
8.3984375 0.004046988265151307 0.0
8.59375 0.006243461050004751 0.0
8.7890625 0.008230165731132475 0.0
8.984375 0.009826114617264332 0.0
9.1796875 0.010933724092127811 0.0
9.375 0.011530901634370984 0.0
9.5703125 0.011676821704626406 0.0
9.765625 0.0115167103393652 0.0
9.9609375 0.011276025415822106 0.0
10.15625 0.011223465168182662 0.0
10.3515625 0.011582131100800586 0.0
10.546875 0.012424899051517165 0.0
10.7421875 0.013652209544201266 0.0
10.9375 0.015070706322801842 0.0
11.1328125 0.01648301081282327 0.0
11.328125 0.017733308316782645 0.0
11.5234375 0.01871800910733515 0.0
11.71875 0.019381800799791103 0.0
11.9140625 0.019709391432258996 0.0
12.109375 0.01971635668498842 0.0
12.3046875 0.019440074658421704 0.0
12.5 0.018931156172449705 0.0
12.6953125 0.018245711722465842 0.0
12.890625 0.017438804797959232 0.0
13.0859375 0.016559417436627116 0.0
13.28125 0.015647171589456575 0.0
13.4765625 0.014730897975287151 0.0
13.671875 0.013828928136869041 0.0
13.8671875 0.012950745665037547 0.0
14.0625 0.012099444254503168 0.0
14.2578125 0.011274378935391452 0.0
14.453125 0.010473488829076314 0.0
14.6484375 0.009694972198546594 0.0
14.84375 0.008938223344549016 0.0
15.0390625 0.008204120647445683 0.0
15.234375 0.007494851407599914 0.0
15.4296875 0.006813478333604234 0.0
15.625 0.0061634216522037264 0.0
15.8203125 0.005547978634437837 0.0
16.015625 0.004969949373135751 0.0
16.2109375 0.004431394548567664 0.0
16.40625 0.003933521058548003 0.0
16.6015625 0.003476674021030104 0.0
16.796875 0.0030604062035809692 0.0
16.9921875 0.0026835954448292403 0.0
17.1875 0.0023445844233988015 0.0
17.3828125 0.002041322997190285 0.0
17.578125 0.0017714996860764309 0.0
17.7734375 0.0015326546545991221 0.0
17.96875 0.0013222711648519774 0.0
18.1640625 0.0011378457280221657 0.0
18.359375 0.0009769391697087154 0.0
18.5546875 0.0008372117513011104 0.0
18.75 0.0007164456742662608 0.0
18.9453125 0.0006125580508672926 0.0
19.140625 0.0005236069713769213 0.0
19.3359375 0.0004477928098673172 0.0
19.53125 0.0003834565072282013 0.0
19.7265625 0.00032907624837720393 0.0
19.921875 0.00028326366325119205 0.0
20.1171875 0.0002447603840318199 0.0
20.3125 0.00021243539907986946 0.0
20.5078125 0.00018528312034626237 0.0
20.703125 0.0001624215436809681 0.0
20.8984375 0.00014308951600720945 0.0
21.09375 0.00012664207890163221 0.0
21.2890625 0.00011254320418369504 0.0
21.484375 0.0001003558636159528 0.0
21.6796875 8.973000372531054e-05 0.0
21.875 8.038939571414229e-05 0.0
22.0703125 7.211843372888042e-05 0.0
22.265625 6.474980091200166e-05 0.0
22.4609375 5.815361325438472e-05 0.0
22.65625 5.222832629209422e-05 0.0
22.8515625 4.6893437827575986e-05 0.0
23.046875 4.208384778434746e-05 0.0
23.2421875 3.7745636379737134e-05 0.0
23.4375 3.3832993787481436e-05 0.0
23.6328125 3.03060517664274e-05 0.0
23.828125 2.7129395007432244e-05 0.0
24.0234375 2.427106234904048e-05 0.0
24.21875 2.170189108863718e-05 0.0
24.4140625 1.939509731508637e-05 0.0
24.609375 1.7326009714886847e-05 0.0
24.8046875 1.5471894195510614e-05 0.0
25.0 1.3811830017271497e-05 0.0
25.1953125 1.2326614830166304e-05 0.0
25.390625 1.099868125418705e-05 0.0
25.5859375 9.812012460884355e-06 0.0
25.78125 8.752053564740675e-06 0.0
25.9765625 7.805620834979579e-06 0.0
26.171875 6.960808455965476e-06 0.0
26.3671875 6.2068914523936405e-06 0.0
26.5625 5.534227506004107e-06 0.0
26.7578125 4.934162476905331e-06 0.0
26.953125 4.398940842702069e-06 0.0
27.1484375 3.921619605511203e-06 0.0
27.34375 3.495986516826588e-06 0.0
27.5390625 3.1164856301943054e-06 0.0
27.734375 2.778150874350556e-06 0.0
27.9296875 2.4765452576243595e-06 0.0
28.125 2.207704411677353e-06 0.0
28.3203125 1.968085918579707e-06 0.0
28.515625 1.7545254834471967e-06 0.0
28.7109375 1.5641982487155664e-06 0.0
28.90625 1.3945828268404116e-06 0.0
29.1015625 1.243428142338566e-06 0.0
29.296875 1.1087246361520505e-06 0.0
29.4921875 9.886797968191295e-07 0.0
29.6875 8.816960273221328e-07 0.0
29.8828125 7.863493712100415e-07 0.0
30.078125 7.013699330002244e-07 0.0
30.2734375 6.256253614662267e-07 0.0
30.46875 5.581071155929039e-07 0.0
30.6640625 4.97917811430455e-07 0.0
30.859375 4.442585937787206e-07 0.0
31.0546875 3.964173696784418e-07 0.0
31.25 3.537591762788478e-07 0.0
31.4453125 3.157186256267898e-07 0.0
31.640625 2.817930888546759e-07 0.0
31.8359375 2.5153556948232376e-07 0.0
32.03125 2.2454764176792166e-07 0.0
32.2265625 2.0047355574064947e-07 0.0
32.421875 1.7899598950504216e-07 0.0
32.6171875 1.598327558111046e-07 0.0
32.8125 1.4273331289333394e-07 0.0
33.0078125 1.2747479847548515e-07 0.0
33.203125 1.1385818861173836e-07 0.0
33.3984375 1.0170537974819685e-07 0.0
33.59375 9.085734538085005e-08 0.0
33.7890625 8.117274488599329e-08 0.0
33.984375 7.252626908361316e-08 0.0
34.1796875 6.480654125574662e-08 0.0
34.375 5.7913985961274276e-08 0.0
34.5703125 5.1759222638076846e-08 0.0
34.765625 4.626216564413154e-08 0.0
34.9609375 4.135150247219106e-08 0.0
35.15625 3.696416792356036e-08 0.0
35.3515625 3.304443570289752e-08 0.0
35.546875 2.9542831662518305e-08 0.0
35.7421875 2.641504152817691e-08 0.0
35.9375 2.3621160992821672e-08 0.0
36.1328125 2.1125227952843815e-08 0.0
36.328125 1.889496842712398e-08 0.0
36.5234375 1.6901548736398655e-08 0.0
36.71875 1.5119294620212647e-08 0.0
36.9140625 1.3525382706618907e-08 0.0
37.109375 1.2099562409296615e-08 0.0
37.3046875 1.0823958047997371e-08 0.0
37.5 9.68286560385273e-09 0.0
37.6953125 8.662508742037605e-09 0.0
37.890625 7.750682442432664e-09 0.0
38.0859375 6.936380878443221e-09 0.0
38.28125 6.209428220941068e-09 0.0
38.4765625 5.560302711377833e-09 0.0
38.671875 4.980099325545439e-09 0.0
38.8671875 4.460691640378121e-09 0.0
39.0625 3.9949055697334896e-09 0.0
39.2578125 3.576674643619662e-09 0.0
39.453125 3.20101935440764e-09 0.0
39.6484375 2.8639095110642117e-09 0.0
39.84375 2.5619749513532203e-09 0.0
40.0390625 2.2922389570615172e-09 0.0
40.234375 2.0518336983621947e-09 0.0
40.4296875 1.8378908327829285e-09 0.0
40.625 1.6474836556710821e-09 0.0
40.8203125 1.4777467097202568e-09 0.0
41.015625 1.3259646134978762e-09 0.0
41.2109375 1.1897522073519685e-09 0.0
41.40625 1.0670882005795971e-09 0.0
41.6015625 9.563885097165993e-10 0.0
41.796875 8.564275456920187e-10 0.0
41.9921875 7.662787652838337e-10 0.0
42.1875 6.852090436085742e-10 0.0
42.3828125 6.125806286171128e-10 0.0
42.578125 5.477831347306104e-10 0.0
42.7734375 4.901754383000427e-10 0.0
42.96875 4.390883750862203e-10 0.0
43.1640625 3.9380576002805087e-10 0.0
43.359375 3.5362081382413497e-10 0.0
43.5546875 3.1784176486292807e-10 0.0
43.75 2.858450777865694e-10 0.0
43.9453125 2.570743997851965e-10 0.0
44.140625 2.3108082757015614e-10 0.0
44.3359375 2.074872194010738e-10 0.0
44.53125 1.8601830948060196e-10 0.0
44.7265625 1.664449471783046e-10 0.0
44.921875 1.4861469581465872e-10 0.0
45.1171875 1.3238933262870123e-10 0.0
45.3125 1.176712390461768e-10 0.0
45.5078125 1.0436997853852205e-10 0.0
45.703125 9.24022970543288e-11 0.0
45.8984375 8.168734506371328e-11 0.0
46.09375 7.214683585445568e-11 0.0
46.2890625 6.369437575974575e-11 0.0
46.484375 5.6249527959040845e-11 0.0
46.6796875 4.972343554991768e-11 0.0
46.875 4.4035604757561654e-11 0.0
47.0703125 3.909904346423238e-11 0.0
47.265625 3.483439911668624e-11 0.0
47.4609375 3.1166822954896234e-11 0.0
47.65625 2.8018149865859586e-11 0.0
47.8515625 2.5329919850106944e-11 0.0
48.046875 2.3032010669708915e-11 0.0
48.2421875 2.1077155558446103e-11 0.0
48.4375 1.9412531278690805e-11 0.0
48.6328125 1.7995402192371522e-11 0.0
48.828125 1.6795652980928848e-11 0.0
49.0234375 1.5771246318722535e-11 0.0
49.21875 1.4911132980755402e-11 0.0
49.4140625 1.4178704965907491e-11 0.0
49.609375 1.3570835458916282e-11 0.0
49.8046875 1.3062485836295407e-11 0.0

