-50.0 3.583362388601855e-11 0.0
-49.8046875 2.988290529293093e-11 0.0
-49.609375 2.751825585585469e-10 0.0
-49.4140625 4.120649891061726e-11 0.0
-49.21875 9.951173866329962e-11 0.0
-49.0234375 2.034650814498223e-10 0.0
-48.828125 9.206109388533998e-12 0.0
-48.6328125 8.758938656245638e-11 0.0
-48.4375 1.3960180017962578e-10 0.0
-48.2421875 5.828158239153765e-11 0.0
-48.046875 1.1226164263915152e-11 0.0
-47.8515625 1.5203725298897602e-11 0.0
-47.65625 3.6832997405907655e-11 0.0
-47.4609375 2.577582202144863e-11 0.0
-47.265625 3.5288481776814813e-12 0.0
-47.0703125 3.1133162840296036e-11 0.0
-46.875 2.5615417149760567e-11 0.0
-46.6796875 4.042671658124117e-11 0.0
-46.484375 1.2226232339505572e-10 0.0
-46.2890625 1.5329452413091017e-10 0.0
-46.09375 2.3636197599594708e-11 0.0
-45.8984375 5.865140557135025e-11 0.0
-45.703125 2.6984853624572076e-11 0.0
-45.5078125 2.0080317431994434e-10 0.0
-45.3125 1.3455996322349612e-10 0.0
-45.1171875 1.9225047358235333e-11 0.0
-44.921875 1.972400978229988e-11 0.0
-44.7265625 1.4711212650086442e-10 0.0
-44.53125 3.091517350646934e-11 0.0
-44.3359375 5.072510552648577e-12 0.0
-44.140625 2.3769639709662304e-11 0.0
-43.9453125 1.196728951079985e-11 0.0
-43.75 5.257716724540358e-11 0.0
-43.5546875 1.0069285982474093e-11 0.0
-43.359375 2.5436093624972866e-11 0.0
-43.1640625 7.705054498665648e-12 0.0
-42.96875 1.50742366984558e-12 0.0
-42.7734375 3.655291168322212e-12 0.0
-42.578125 2.6159758214104272e-11 0.0
-42.3828125 3.534463334493317e-11 0.0
-42.1875 5.337227095016952e-11 0.0
-41.9921875 2.450368300631583e-11 0.0
-41.796875 4.124699253800815e-11 0.0
-41.6015625 1.9066423789983336e-10 0.0
-41.40625 2.8792463021354942e-11 0.0
-41.2109375 3.391459420866297e-11 0.0
-41.015625 1.3087339170847795e-10 0.0
-40.8203125 2.4871942179850272e-11 0.0
-40.625 2.4680587057758793e-11 0.0
-40.4296875 1.0200015516805214e-10 0.0
-40.234375 1.1414461769920564e-11 0.0
-40.0390625 1.4382981257830297e-11 0.0
-39.84375 1.3208810538719314e-11 0.0
-39.6484375 6.122839236529184e-12 0.0
-39.453125 1.24488019940381e-11 0.0
-39.2578125 2.157779584927716e-11 0.0
-39.0625 2.980281177966353e-11 0.0
-38.8671875 3.3526283744811996e-11 0.0
-38.671875 1.641761795810309e-11 0.0
-38.4765625 4.865497926798798e-11 0.0
-38.28125 1.6146682578387477e-10 0.0
-38.0859375 1.982463633659072e-10 0.0
-37.890625 3.044185895261711e-11 0.0
-37.6953125 2.16576742921243e-11 0.0
-37.5 4.66289438018681e-11 0.0
-37.3046875 1.049780688500985e-11 0.0
-37.109375 2.1717289430996018e-11 0.0
-36.9140625 1.2601586539135714e-10 0.0
-36.71875 3.3495612464300104e-11 0.0
-36.5234375 9.340360874451245e-11 0.0
-36.328125 7.761946795928527e-12 0.0
-36.1328125 1.157264803345754e-11 0.0
-35.9375 7.208825713560419e-11 0.0
-35.7421875 4.074803995614161e-11 0.0
-35.546875 2.93194863046029e-11 0.0
-35.3515625 3.5319483960041687e-12 0.0
-35.15625 4.227577576986818e-12 0.0
-34.9609375 2.696330002282305e-11 0.0
-34.765625 1.0138691488876055e-11 0.0
-34.5703125 4.044123103262391e-11 0.0
-34.375 3.202317954835816e-11 0.0
-34.1796875 1.04929448031495e-10 0.0
-33.984375 2.478648171894233e-11 0.0
-33.7890625 9.554997303377769e-12 0.0
-33.59375 4.320162193583025e-11 0.0
-33.3984375 9.66086639298663e-11 0.0
-33.203125 4.786823770642464e-11 0.0
-33.0078125 2.802845620834912e-11 0.0
-32.8125 1.6546829255027814e-11 0.0
-32.6171875 9.143916270252112e-11 0.0
-32.421875 1.0049262082435333e-11 0.0
-32.2265625 7.238482090902414e-11 0.0
-32.03125 4.3027200399047784e-11 0.0
-31.8359375 1.1425288317151136e-11 0.0
-31.640625 6.25908213196248e-12 0.0
-31.4453125 3.381646622043829e-11 0.0
-31.25 4.299565500978663e-11 0.0
-31.0546875 2.7651898545482383e-10 0.0
-30.859375 3.5094247880301474e-11 0.0
-30.6640625 3.360628377895072e-11 0.0
-30.46875 2.838198872561855e-11 0.0
-30.2734375 1.420846854200782e-10 0.0
-30.078125 1.7995567473857053e-11 0.0
-29.8828125 6.275396525234839e-11 0.0
-29.6875 1.5641284756320093e-11 0.0
-29.4921875 8.541408729150843e-11 0.0
-29.296875 2.7046746469591867e-11 0.0
-29.1015625 9.670493540871436e-12 0.0
-28.90625 2.087853423190911e-11 0.0
-28.7109375 1.97423987196565e-11 0.0
-28.515625 2.5878517108464296e-11 0.0
-28.3203125 6.020158410332129e-11 0.0
-28.125 2.6949422707417914e-11 0.0
-27.9296875 9.536137657299005e-11 0.0
-27.734375 3.019202166459943e-11 0.0
-27.5390625 1.830389702378553e-11 0.0
-27.34375 1.9676975789685837e-10 0.0
-27.1484375 1.0202903822262188e-10 0.0
-26.953125 3.2176129825792716e-10 0.0
-26.7578125 1.4876011073347396e-10 0.0
-26.5625 1.0515095170536573e-11 0.0
-26.3671875 3.320108857008585e-11 0.0
-26.171875 9.135825855770211e-11 0.0
-25.9765625 4.779975436899114e-10 0.0
-25.78125 2.8797278013418426e-11 0.0
-25.5859375 2.0351626004158532e-11 0.0
-25.390625 1.9652067142690684e-10 0.0
-25.1953125 4.124111930074685e-11 0.0
-25.0 2.7534690444352818e-11 0.0
-24.8046875 3.1369189314575954e-11 0.0
-24.609375 2.0290142719629631e-10 0.0
-24.4140625 1.3149186147805795e-11 0.0
-24.21875 4.342714097362609e-11 0.0
-24.0234375 5.7440216304857905e-11 0.0
-23.828125 2.709191268772415e-10 0.0
-23.6328125 1.5476024569565912e-11 0.0
-23.4375 3.0253104974158217e-10 0.0
-23.2421875 7.888411388144194e-10 0.0
-23.046875 6.396893957317064e-10 0.0
-22.8515625 8.821576859535283e-11 0.0
-22.65625 5.920032368193464e-11 0.0
-22.4609375 1.08200291425417e-10 0.0
-22.265625 3.5419462865030916e-11 0.0
-22.0703125 8.599137469595559e-11 0.0
-21.875 1.0950514886154565e-10 0.0
-21.6796875 2.298554812151357e-11 0.0
-21.484375 2.0313817150009028e-10 0.0
-21.2890625 7.843662284453569e-11 0.0
-21.09375 9.972063042374211e-11 0.0
-20.8984375 4.1785202250693985e-11 0.0
-20.703125 3.200944043874245e-11 0.0
-20.5078125 4.48237413344238e-11 0.0
-20.3125 5.46991304393959e-11 0.0
-20.1171875 1.2565529432519463e-11 0.0
-19.921875 2.652058578325418e-11 0.0
-19.7265625 3.85495585914978e-11 0.0
-19.53125 3.639618466708288e-11 0.0
-19.3359375 2.957465189268061e-10 0.0
-19.140625 1.0034491779098705e-10 0.0
-18.9453125 1.014270495488598e-09 0.0
-18.75 4.2723643998578004e-11 0.0
-18.5546875 7.134177813634452e-11 0.0
-18.359375 1.6384911184833435e-10 0.0
-18.1640625 2.818558951408265e-10 0.0
-17.96875 1.4297782543158517e-10 0.0
-17.7734375 4.9201734623661645e-11 0.0
-17.578125 5.115487843756957e-11 0.0
-17.3828125 3.698523055841612e-10 0.0
-17.1875 1.0976372672549986e-10 0.0
-16.9921875 1.1080137877990051e-10 0.0
-16.796875 1.1459146352267738e-11 0.0
-16.6015625 5.0303351153111596e-11 0.0
-16.40625 1.867966451783152e-10 0.0
-16.2109375 1.5082102450792912e-10 0.0
-16.015625 3.5062700423790446e-11 0.0
-15.8203125 9.384623701389613e-11 0.0
-15.625 1.6983112039375922e-10 0.0
-15.4296875 8.115514451488301e-10 0.0
-15.234375 8.176156354256828e-11 0.0
-15.0390625 2.629640887199505e-10 0.0
-14.84375 2.5286986284458264e-10 0.0
-14.6484375 1.3531755200852357e-10 0.0
-14.453125 2.856483510567842e-11 0.0
-14.2578125 4.583246857206581e-11 0.0
-14.0625 8.954132006629985e-11 0.0
-13.8671875 5.754815539169334e-11 0.0
-13.671875 1.9487293648088743e-10 0.0
-13.4765625 1.640585635368821e-10 0.0
-13.28125 5.953474564501868e-11 0.0
-13.0859375 4.054669470179239e-11 0.0
-12.890625 1.1923823492543506e-10 0.0
-12.6953125 1.3274848368912385e-10 0.0
-12.5 1.2867028860220283e-10 0.0
-12.3046875 7.344552857083933e-10 0.0
-12.109375 3.0545437662356583e-09 0.0
-11.9140625 5.749550630582563e-10 0.0
-11.71875 7.52974198185977e-11 0.0
-11.5234375 2.1766649139351045e-10 0.0
-11.328125 3.8002530918672447e-10 0.0
-11.1328125 6.33561152974783e-10 0.0
-10.9375 1.0524326126454476e-09 0.0
-10.7421875 3.5232368584358664e-09 0.0
-10.546875 8.54831370157554e-09 0.0
-10.3515625 1.8717003677590758e-09 0.0
-10.15625 1.5856838658168427e-09 0.0
-9.9609375 6.455316929828784e-10 0.0
-9.765625 4.5307608667733905e-10 0.0
-9.5703125 4.903605618749075e-10 0.0
-9.375 3.503447003492373e-10 0.0
-9.1796875 2.2149702177332348e-09 0.0
-8.984375 1.0526154531799022e-08 0.0
-8.7890625 1.3187360576089968e-09 0.0
-8.59375 3.2817919108790925e-09 0.0
-8.3984375 1.0872032185779885e-08 0.0
-8.203125 2.6121797243587947e-09 0.0
-8.0078125 5.9231495260705856e-09 0.0
-7.8125 1.2648449182065895e-08 0.0
-7.6171875 2.2306951873295355e-09 0.0
-7.421875 1.1548051533771683e-09 0.0
-7.2265625 3.739110602333517e-09 0.0
-7.03125 9.832520110139888e-09 0.0
-6.8359375 1.690949975175245e-08 0.0
-6.640625 3.604042529097804e-08 0.0
-6.4453125 4.7364740287294806e-08 0.0
-6.25 2.262863223097843e-07 0.0
-6.0546875 1.174587887909066e-06 0.0
-5.859375 4.141963986380753e-06 0.0
-5.6640625 1.2095815000433347e-05 0.0
-5.46875 2.987237416974676e-05 0.0
-5.2734375 6.43944509750214e-05 0.0
-5.078125 0.0001243753458857915 0.0
-4.8828125 0.00021944011259474765 0.0
-4.6875 0.0003597766257431106 0.0
-4.4921875 0.0005558263550508481 0.0
-4.296875 0.0008184478275954966 0.0
-4.1015625 0.001159529525716117 0.0
-3.90625 0.0015926685331974862 0.0
-3.7109375 0.0021340510713278183 0.0
-3.515625 0.002803197272880992 0.0
-3.3203125 0.00362359794868496 0.0
-3.125 0.004623186755043216 0.0
-2.9296875 0.005834478326851623 0.0
-2.734375 0.007294475395030108 0.0
-2.5390625 0.009044075608496622 0.0
-2.34375 0.011127067747774205 0.0
-2.1484375 0.013588479683597363 0.0
-1.953125 0.016472359394011555 0.0
-1.7578125 0.019818850573814162 0.0
-1.5625 0.023660650179359352 0.0
-1.3671875 0.028018986991594517 0.0
-1.171875 0.03289926080593119 0.0
-0.9765625 0.038286686568944135 0.0
-0.78125 0.04414225568477763 0.0
-0.5859375 0.05039949470944298 0.0
-0.390625 0.056962346808407616 0.0
-0.1953125 0.06370463797295293 0.0
0.0 0.0704714107265342 0.0
0.1953125 0.07708212027910637 0.0
0.390625 0.08333619935547572 0.0
0.5859375 0.08902002561903614 0.0
0.78125 0.09391596199598942 0.0
0.9765625 0.09781209532882115 0.0
1.171875 0.10051293070788145 0.0
1.3671875 0.10184970003602571 0.0
1.5625 0.10169037520193082 0.0
1.7578125 0.09994826578064459 0.0
1.953125 0.09658880454002716 0.0
2.1484375 0.09163461107496892 0.0
2.34375 0.08516739726859092 0.0
2.5390625 0.07732821752924421 0.0
2.734375 0.06831463575385485 0.0
2.9296875 0.058376811746919034 0.0
3.125 0.04781369444889031 0.0
3.3203125 0.03697589113791239 0.0
3.515625 0.026298332660798045 0.0
3.7109375 0.016480682130584994 0.0
3.90625 0.009582717749334705 0.0
4.1015625 0.010642869886730256 0.0
4.296875 0.016747974200326587 0.0
4.4921875 0.02302998815187233 0.0
4.6875 0.028305017658044072 0.0
4.8828125 0.03225480133974051 0.0
5.078125 0.03478959759447992 0.0
5.2734375 0.035928741448602225 0.0
5.46875 0.03576491399645971 0.0
5.6640625 0.034445769749901406 0.0
5.859375 0.03215974957327368 0.0
6.0546875 0.02912272795321829 0.0
6.25 0.025565517009630598 0.0
6.4453125 0.02172286117346173 0.0
6.640625 0.01782532601572163 0.0
6.8359375 0.014096514550070811 0.0
7.03125 0.010759515029703702 0.0
7.2265625 0.00805622522405795 0.0
7.421875 0.0062550943965674795 0.0
7.6171875 0.005514485769352167 0.0
7.8125 0.005590673555048786 0.0
8.0078125 0.005975178832524696 0.0
8.203125 0.0063047912477462295 0.0
8.3984375 0.006426886463216367 0.0
8.59375 0.006309126133747692 0.0
8.7890625 0.005975401254001781 0.0
8.984375 0.005473961605205776 0.0
9.1796875 0.004861124983804032 0.0
9.375 0.004192497235838328 0.0
9.5703125 0.0035181249098882534 0.0
9.765625 0.0028797862650954105 0.0
9.9609375 0.002309933469796651 0.0
10.15625 0.001831389617865868 0.0
10.3515625 0.0014566576034049311 0.0
10.546875 0.001186071775602407 0.0
10.7421875 0.0010055535518046492 0.0
10.9375 0.0008887075060800323 0.0
11.1328125 0.0008062614036191828 0.0
11.328125 0.0007360294637030793 0.0
11.5234375 0.0006660894505860955 0.0
11.71875 0.0005925941027903528 0.0
11.9140625 0.0005163966645804018 0.0
12.109375 0.0004403739195362373 0.0
12.3046875 0.00036777865784148964 0.0
12.5 0.0003014050086938531 0.0
12.6953125 0.00024319725398838993 0.0
12.890625 0.00019414111290683915 0.0
13.0859375 0.00015433647673559735 0.0
13.28125 0.00012311815908223122 0.0
13.4765625 9.923351539786899e-05 0.0
13.671875 8.111684966689091e-05 0.0
13.8671875 6.719213102488691e-05 0.0
14.0625 5.6120936174876496e-05 0.0
14.2578125 4.694650169263685e-05 0.0
14.453125 3.909774642078658e-05 0.0
14.6484375 3.2280718334871304e-05 0.0
14.84375 2.6357309458384023e-05 0.0
15.0390625 2.1266597660995864e-05 0.0
15.234375 1.6968884842462045e-05 0.0
15.4296875 1.3410293243304702e-05 0.0
15.625 1.052042916314524e-05 0.0
15.8203125 8.218659171600062e-06 0.0
16.015625 6.412385156509329e-06 0.0
16.2109375 5.003987965839184e-06 0.0
16.40625 3.907014832332429e-06 0.0
16.6015625 3.051850590430164e-06 0.0
16.796875 2.3811150114717773e-06 0.0
16.9921875 1.849506285388171e-06 0.0
17.1875 1.42605146154843e-06 0.0
17.3828125 1.089456264640573e-06 0.0
17.578125 8.222180188164453e-07 0.0
17.7734375 6.109678111140837e-07 0.0
17.96875 4.473372655043273e-07 0.0
18.1640625 3.239988019412809e-07 0.0
18.359375 2.3191494069532264e-07 0.0
18.5546875 1.6333186260817603e-07 0.0
18.75 1.143649139924581e-07 0.0
18.9453125 8.293335057314171e-08 0.0
19.140625 6.568041655237713e-08 0.0
19.3359375 5.7431812854225336e-08 0.0
19.53125 5.309203298141783e-08 0.0
19.7265625 4.988112194436418e-08 0.0
19.921875 4.753395068083384e-08 0.0
20.1171875 4.596524281804836e-08 0.0
20.3125 4.3693449431157313e-08 0.0
20.5078125 3.970109865402612e-08 0.0
20.703125 3.5696328417378876e-08 0.0
20.8984375 3.418127604330976e-08 0.0
21.09375 3.40026259832547e-08 0.0
21.2890625 3.215362404450552e-08 0.0
21.484375 2.8319001880688892e-08 0.0
21.6796875 2.5207972865099585e-08 0.0
21.875 2.466122338400038e-08 0.0
22.0703125 2.5074390086993998e-08 0.0
22.265625 2.4922414017529637e-08 0.0
22.4609375 2.42715872828846e-08 0.0
22.65625 2.312528628071095e-08 0.0
22.8515625 2.088027804948615e-08 0.0
23.046875 1.792187394903321e-08 0.0
23.2421875 1.6206212029067366e-08 0.0
23.4375 1.659447370732939e-08 0.0
23.6328125 1.728848873410805e-08 0.0
23.828125 1.70976907893145e-08 0.0
24.0234375 1.6845192872744296e-08 0.0
24.21875 1.7073504023925986e-08 0.0
24.4140625 1.6577860117142668e-08 0.0
24.609375 1.4019760842639884e-08 0.0
24.8046875 1.0011339729544357e-08 0.0
25.0 8.061370872450913e-09 0.0
25.1953125 1.0121310069088601e-08 0.0
25.390625 1.2208645015344301e-08 0.0
25.5859375 1.2366544374715062e-08 0.0
25.78125 1.1692007627275542e-08 0.0
25.9765625 1.1978872358720989e-08 0.0
26.171875 1.325879997101134e-08 0.0
26.3671875 1.3992992670553147e-08 0.0
26.5625 1.3222806927676902e-08 0.0
26.7578125 1.1426432440669319e-08 0.0
26.953125 9.682648123551164e-09 0.0
27.1484375 8.889179674234583e-09 0.0
27.34375 8.77719977970941e-09 0.0
27.5390625 8.439125193845122e-09 0.0
27.734375 7.744648167523099e-09 0.0
27.9296875 7.353380485843158e-09 0.0
28.125 7.81331330060931e-09 0.0
28.3203125 8.441675609259148e-09 0.0
28.515625 8.312954924533886e-09 0.0
28.7109375 7.188658472639459e-09 0.0
28.90625 5.966319356160876e-09 0.0
29.1015625 6.09877267218188e-09 0.0
29.296875 7.277552511122677e-09 0.0
29.4921875 8.193566511013274e-09 0.0
29.6875 8.111081090633738e-09 0.0
29.8828125 7.051212293647242e-09 0.0
30.078125 5.374355433418132e-09 0.0
30.2734375 3.6885491938631133e-09 0.0
30.46875 3.405613154049887e-09 0.0
30.6640625 4.519590755190246e-09 0.0
30.859375 5.515146281362087e-09 0.0
31.0546875 5.837441903700459e-09 0.0
31.25 5.6921973051996985e-09 0.0
31.4453125 5.4767293429479525e-09 0.0
31.640625 5.2472639427438116e-09 0.0
31.8359375 5.019538008687688e-09 0.0
32.03125 4.971363318722448e-09 0.0
32.2265625 5.057694204490819e-09 0.0
32.421875 4.825217809605209e-09 0.0
32.6171875 4.094156977929861e-09 0.0
32.8125 3.5506349000085267e-09 0.0
33.0078125 3.826773476912087e-09 0.0
33.203125 4.367586408021622e-09 0.0
33.3984375 4.656686197658067e-09 0.0
33.59375 4.745034111891834e-09 0.0
33.7890625 4.7241043389293216e-09 0.0
33.984375 4.3431571226759124e-09 0.0
34.1796875 3.425600615055223e-09 0.0
34.375 2.2016033311436707e-09 0.0
34.5703125 9.965476921165417e-10 0.0
34.765625 1.2099734032559885e-10 0.0
34.9609375 1.0960642716054139e-09 0.0
35.15625 1.898957143001839e-09 0.0
35.3515625 2.3237972890616264e-09 0.0
35.546875 2.4181090849420134e-09 0.0
35.7421875 2.496418568824319e-09 0.0
35.9375 2.5729219015312437e-09 0.0
36.1328125 2.4447331062513437e-09 0.0
36.328125 2.304538524877322e-09 0.0
36.5234375 2.619904638617168e-09 0.0
36.71875 3.1882109572830713e-09 0.0
36.9140625 3.5083635460159234e-09 0.0
37.109375 3.6145861800277072e-09 0.0
37.3046875 3.769667961549123e-09 0.0
37.5 3.925357509021053e-09 0.0
37.6953125 3.8646687200684055e-09 0.0
37.890625 3.5460534984639273e-09 0.0
38.0859375 3.1189753009292548e-09 0.0
38.28125 2.64661808281461e-09 0.0
38.4765625 2.0681844398402513e-09 0.0
38.671875 1.4240277564493624e-09 0.0
38.8671875 8.180567298295326e-10 0.0
39.0625 2.891442543343999e-10 0.0
39.2578125 4.431789484851608e-10 0.0
39.453125 8.875677730536527e-10 0.0
39.6484375 1.2397825907492046e-09 0.0
39.84375 1.6053931624741797e-09 0.0
40.0390625 2.0036239055882885e-09 0.0
40.234375 2.3275072684290562e-09 0.0
40.4296875 2.4655488294922724e-09 0.0
40.625 2.4658159174525336e-09 0.0
40.8203125 2.4517932857413775e-09 0.0
41.015625 2.4644679160981098e-09 0.0
41.2109375 2.490467960330347e-09 0.0
41.40625 2.4063144405858495e-09 0.0
41.6015625 2.2022199972698295e-09 0.0
41.796875 2.0648833184982076e-09 0.0
41.9921875 2.0172487793576953e-09 0.0
42.1875 1.9057960650607046e-09 0.0
42.3828125 1.6724672381633015e-09 0.0
42.578125 1.4755341106998991e-09 0.0
42.7734375 1.3988696843680964e-09 0.0
42.96875 1.2559877061643129e-09 0.0
43.1640625 1.0310388504849117e-09 0.0
43.359375 8.938336044567579e-10 0.0
43.5546875 8.474690416490374e-10 0.0
43.75 7.61256883886942e-10 0.0
43.9453125 6.210088235937873e-10 0.0
44.140625 5.308149640723203e-10 0.0
44.3359375 4.851811696304842e-10 0.0
44.53125 3.946001649893898e-10 0.0
44.7265625 3.1178148852876886e-10 0.0
44.921875 2.8547318021697625e-10 0.0
45.1171875 2.235335284583978e-10 0.0
45.3125 1.4776482468847577e-10 0.0
45.5078125 1.2999021367081623e-10 0.0
45.703125 8.36261264065232e-11 0.0
45.8984375 6.639927207624032e-11 0.0
46.09375 8.559951305110467e-11 0.0
46.2890625 5.2990695010268055e-11 0.0
46.484375 5.5599115438187336e-11 0.0
46.6796875 5.627592045568746e-11 0.0
46.875 5.5484304883385146e-11 0.0
47.0703125 7.059335457616159e-11 0.0
47.265625 7.086574944822622e-11 0.0
47.4609375 8.322235504713132e-11 0.0
47.65625 8.876919248915528e-11 0.0
47.8515625 9.728318801562675e-11 0.0
48.046875 9.327915982274546e-11 0.0
48.2421875 5.0075508310288e-11 0.0
48.4375 6.70048358936929e-11 0.0
48.6328125 1.0098055432555965e-10 0.0
48.828125 9.838495302971534e-11 0.0
49.0234375 7.604820704700702e-11 0.0
49.21875 3.717840802152741e-11 0.0
49.4140625 2.8070756387065968e-11 0.0
49.609375 4.391334340245039e-11 0.0
49.8046875 3.8324064671760526e-11 0.0

